"","date","predictedWaterT","observedWaterT"
"1",1979-01-07,21.6272062340641,NA
"2",1979-01-08,22.0296918954193,NA
"3",1979-01-09,22.5254710151641,NA
"4",1979-01-10,22.4864410723333,NA
"5",1979-01-11,22.0710061157357,NA
"6",1979-01-12,21.5320941275627,NA
"7",1979-01-13,21.2597749927239,NA
"8",1979-01-14,21.3847086143439,NA
"9",1979-01-15,20.5900854964253,NA
"10",1979-01-16,20.633035982584,NA
"11",1979-01-17,20.4820905670852,NA
"12",1979-01-18,20.7606014912933,NA
"13",1979-01-19,21.4932018036834,NA
"14",1979-01-20,21.3362418578762,NA
"15",1979-01-21,20.7245700990209,NA
"16",1979-01-22,20.784709352054,NA
"17",1979-01-23,20.7448306881366,NA
"18",1979-01-24,21.6467744122109,NA
"19",1979-01-25,21.5307765301076,NA
"20",1979-01-26,20.7121393966895,NA
"21",1979-01-27,20.4846921810275,NA
"22",1979-01-28,21.0421794206853,NA
"23",1979-01-29,21.4860284943323,NA
"24",1979-01-30,21.2856946758379,NA
"25",1979-01-31,21.2170379658546,NA
"26",1979-02-01,21.7428386254003,NA
"27",1979-02-02,22.5661956432286,NA
"28",1979-02-03,22.6591963362336,NA
"29",1979-02-04,22.3019034796744,NA
"30",1979-02-05,21.8545203402151,NA
"31",1979-02-06,21.7572497524955,NA
"32",1979-02-07,21.2527761886175,NA
"33",1979-02-08,20.631748383991,NA
"34",1979-02-09,20.040227042343,NA
"35",1979-02-10,20.5513055259041,NA
"36",1979-02-11,21.2250144800069,NA
"37",1979-02-12,21.4868402491493,NA
"38",1979-02-13,21.1387775188058,NA
"39",1979-02-14,20.7936727407734,NA
"40",1979-02-15,20.2677531451899,NA
"41",1979-02-16,18.9942351028167,NA
"42",1979-02-17,17.7828159181626,NA
"43",1979-02-18,16.8168409190299,NA
"44",1979-02-19,16.8422029922079,NA
"45",1979-02-20,17.8082590240404,NA
"46",1979-02-21,18.7348441451905,NA
"47",1979-02-22,19.9158678921868,NA
"48",1979-02-23,20.7816296910147,NA
"49",1979-02-24,21.6002778814079,NA
"50",1979-02-25,21.8876269004254,NA
"51",1979-02-26,21.7735144863136,NA
"52",1979-02-27,21.1116342623197,NA
"53",1979-02-28,20.759145285625,NA
"54",1979-03-01,20.6462995225333,NA
"55",1979-03-02,20.5221539285442,NA
"56",1979-03-03,19.6585876528706,NA
"57",1979-03-04,19.1989088657175,NA
"58",1979-03-05,18.7672384517093,NA
"59",1979-03-06,18.6211056767241,NA
"60",1979-03-07,18.1388180795351,NA
"61",1979-03-08,17.4220123993289,NA
"62",1979-03-09,17.1935892176868,NA
"63",1979-03-10,17.5025721133504,NA
"64",1979-03-11,18.4897631263161,NA
"65",1979-03-12,19.2459145761588,NA
"66",1979-03-13,19.9184345328662,NA
"67",1979-03-14,20.2375339158325,NA
"68",1979-03-15,20.1196620335394,NA
"69",1979-03-16,20.2588413327941,NA
"70",1979-03-17,20.3513326190263,NA
"71",1979-03-18,19.3212403861246,NA
"72",1979-03-19,19.1350216692671,NA
"73",1979-03-20,19.624089146087,NA
"74",1979-03-21,19.2323850355827,NA
"75",1979-03-22,19.0862483248608,NA
"76",1979-03-23,18.3254090211403,NA
"77",1979-03-24,17.5243978604358,NA
"78",1979-03-25,17.7887913813809,NA
"79",1979-03-26,17.761580401592,NA
"80",1979-03-27,16.646553465666,NA
"81",1979-03-28,16.6972546078893,NA
"82",1979-03-29,16.9126371706467,NA
"83",1979-03-30,17.6546536087186,NA
"84",1979-03-31,18.3090356522336,NA
"85",1979-04-01,17.7897918390077,NA
"86",1979-04-02,17.0836424595967,NA
"87",1979-04-03,16.4585829324281,NA
"88",1979-04-04,16.3914880916761,NA
"89",1979-04-05,15.8102584325511,NA
"90",1979-04-06,14.7597183205841,NA
"91",1979-04-07,14.122932698554,NA
"92",1979-04-08,13.8704203939523,NA
"93",1979-04-09,13.2733573857196,NA
"94",1979-04-10,13.105739869999,NA
"95",1979-04-11,12.4227566572367,NA
"96",1979-04-12,12.0978355577774,NA
"97",1979-04-13,12.4725627769281,NA
"98",1979-04-14,13.0859010417179,NA
"99",1979-04-15,14.2038892547315,NA
"100",1979-04-16,15.3683362968784,NA
"101",1979-04-17,15.5030107309717,NA
"102",1979-04-18,15.4928027017004,NA
"103",1979-04-19,15.3211446176296,NA
"104",1979-04-20,15.3061543283079,NA
"105",1979-04-21,15.0585229562043,NA
"106",1979-04-22,14.1588387857629,NA
"107",1979-04-23,13.1546247622738,NA
"108",1979-04-24,13.3999915043336,NA
"109",1979-04-25,13.6889664382336,NA
"110",1979-04-26,14.0922942135586,NA
"111",1979-04-27,13.2921733372167,NA
"112",1979-04-28,12.605996799222,NA
"113",1979-04-29,12.511243576861,NA
"114",1979-04-30,12.4438068710192,NA
"115",1979-05-01,12.6143013635492,NA
"116",1979-05-02,13.0672283693508,NA
"117",1979-05-03,12.6806089717811,NA
"118",1979-05-04,12.5490704420995,NA
"119",1979-05-05,12.2389682713689,NA
"120",1979-05-06,12.0934669264131,NA
"121",1979-05-07,11.9134248789204,NA
"122",1979-05-08,11.3261064947462,NA
"123",1979-05-09,10.4888396881841,NA
"124",1979-05-10,10.0839679726762,NA
"125",1979-05-11,10.3009156749063,NA
"126",1979-05-12,10.5549009324234,NA
"127",1979-05-13,10.437674688579,NA
"128",1979-05-14,10.2102145229021,NA
"129",1979-05-15,9.95816906869713,NA
"130",1979-05-16,9.50881388350274,NA
"131",1979-05-17,9.96320297609626,NA
"132",1979-05-18,9.8977972829037,NA
"133",1979-05-19,9.77244976410323,NA
"134",1979-05-20,9.84699782856609,NA
"135",1979-05-21,10.3404526272047,NA
"136",1979-05-22,10.8381196343491,NA
"137",1979-05-23,11.227223036018,NA
"138",1979-05-24,10.9150072449246,NA
"139",1979-05-25,11.1427140971672,NA
"140",1979-05-26,11.5289731809335,NA
"141",1979-05-27,11.3833425711385,NA
"142",1979-05-28,11.261769997606,NA
"143",1979-05-29,10.8264312727197,NA
"144",1979-05-30,10.9376436113601,NA
"145",1979-05-31,11.2266088559497,NA
"146",1979-06-01,11.0035449519174,NA
"147",1979-06-02,10.428680100237,NA
"148",1979-06-03,10.4286198154462,NA
"149",1979-06-04,10.0510126960747,NA
"150",1979-06-05,10.2809705367715,NA
"151",1979-06-06,10.3536010134397,NA
"152",1979-06-07,10.1795312245771,NA
"153",1979-06-08,10.0476201586437,NA
"154",1979-06-09,10.1581230275496,NA
"155",1979-06-10,10.125241113846,NA
"156",1979-06-11,10.3662616088978,NA
"157",1979-06-12,10.2205532615088,NA
"158",1979-06-13,9.94720809592991,NA
"159",1979-06-14,9.66598657736491,NA
"160",1979-06-15,9.82777245619688,NA
"161",1979-06-16,10.0779835485166,NA
"162",1979-06-17,10.2711223188418,NA
"163",1979-06-18,10.0533718692804,NA
"164",1979-06-19,10.0278773190062,NA
"165",1979-06-20,10.0249010359437,NA
"166",1979-06-21,10.4815997838823,NA
"167",1979-06-22,10.0686953230278,NA
"168",1979-06-23,9.69260215584876,NA
"169",1979-06-24,9.50478887594987,NA
"170",1979-06-25,9.97578239999691,NA
"171",1979-06-26,10.2701065647613,NA
"172",1979-06-27,10.3148794901038,NA
"173",1979-06-28,9.37823876623816,NA
"174",1979-06-29,9.0607349532231,NA
"175",1979-06-30,8.91076750322369,NA
"176",1979-07-01,8.66541568905195,NA
"177",1979-07-02,7.86492014562757,NA
"178",1979-07-03,7.18039062995426,NA
"179",1979-07-04,6.64880155762981,NA
"180",1979-07-05,6.86588160384155,NA
"181",1979-07-06,7.20386505351418,NA
"182",1979-07-07,7.37217861246186,NA
"183",1979-07-08,7.54355574725487,NA
"184",1979-07-09,7.67507494227048,NA
"185",1979-07-10,7.47373248404248,NA
"186",1979-07-11,7.52404913011041,NA
"187",1979-07-12,7.96453966385107,NA
"188",1979-07-13,7.98581921674426,NA
"189",1979-07-14,7.61496935887614,NA
"190",1979-07-15,7.51772337354604,NA
"191",1979-07-16,7.65446499076445,NA
"192",1979-07-17,8.20159609173857,NA
"193",1979-07-18,8.20056229102044,NA
"194",1979-07-19,7.5543619955911,NA
"195",1979-07-20,7.75699743466147,NA
"196",1979-07-21,7.99078235418667,NA
"197",1979-07-22,7.91267888007846,NA
"198",1979-07-23,7.59582101643637,NA
"199",1979-07-24,7.05477676676327,NA
"200",1979-07-25,6.85135168365761,NA
"201",1979-07-26,7.10976766342855,NA
"202",1979-07-27,6.61218154364318,NA
"203",1979-07-28,6.56724853510791,NA
"204",1979-07-29,6.71147189269126,NA
"205",1979-07-30,6.96444895925635,NA
"206",1979-07-31,7.31963048217079,NA
"207",1979-08-01,7.27373620158422,NA
"208",1979-08-02,7.36988510621712,NA
"209",1979-08-03,7.60536825148789,NA
"210",1979-08-04,7.47667957673796,NA
"211",1979-08-05,7.46735129995743,NA
"212",1979-08-06,7.29307568058333,NA
"213",1979-08-07,7.3248169071204,NA
"214",1979-08-08,7.88328810888176,NA
"215",1979-08-09,7.89575193468647,NA
"216",1979-08-10,7.8441001044707,NA
"217",1979-08-11,7.98489891260819,NA
"218",1979-08-12,7.68868225886665,NA
"219",1979-08-13,7.56018891926069,NA
"220",1979-08-14,7.65220168818792,NA
"221",1979-08-15,7.66613139394119,NA
"222",1979-08-16,7.98110318851862,NA
"223",1979-08-17,8.37291990466236,NA
"224",1979-08-18,8.73899864625307,NA
"225",1979-08-19,9.41730534160217,NA
"226",1979-08-20,9.63290520434485,NA
"227",1979-08-21,9.51269306057899,NA
"228",1979-08-22,9.30191736814233,NA
"229",1979-08-23,8.92067594336179,NA
"230",1979-08-24,8.92456648659264,NA
"231",1979-08-25,9.06113195277596,NA
"232",1979-08-26,9.22250358207494,NA
"233",1979-08-27,9.21682370878125,NA
"234",1979-08-28,9.22161728713522,NA
"235",1979-08-29,9.22331229515247,NA
"236",1979-08-30,9.34845652404606,NA
"237",1979-08-31,8.76197615354412,NA
"238",1979-09-01,8.28992167753568,NA
"239",1979-09-02,7.97281228484154,NA
"240",1979-09-03,8.18054885117884,NA
"241",1979-09-04,8.16299368175014,NA
"242",1979-09-05,8.24415480007271,NA
"243",1979-09-06,8.15493318128093,NA
"244",1979-09-07,8.42623385930159,NA
"245",1979-09-08,8.98346977106322,NA
"246",1979-09-09,9.76694128368569,NA
"247",1979-09-10,10.3834568900604,NA
"248",1979-09-11,10.743554307872,NA
"249",1979-09-12,11.3206686006092,NA
"250",1979-09-13,11.1442029396931,NA
"251",1979-09-14,11.4645903121116,NA
"252",1979-09-15,11.7792847950961,NA
"253",1979-09-16,11.6867233644646,NA
"254",1979-09-17,10.7594541448988,NA
"255",1979-09-18,10.5198765698385,NA
"256",1979-09-19,10.2382217243745,NA
"257",1979-09-20,10.3229314449603,NA
"258",1979-09-21,10.4013748524051,NA
"259",1979-09-22,10.0196892780308,NA
"260",1979-09-23,9.3339844977827,NA
"261",1979-09-24,9.92973831247565,NA
"262",1979-09-25,10.2868834236389,NA
"263",1979-09-26,11.3367918159231,NA
"264",1979-09-27,12.5395243223419,NA
"265",1979-09-28,12.7553322526877,NA
"266",1979-09-29,12.6555289853555,NA
"267",1979-09-30,12.7801713218833,NA
"268",1979-10-01,12.8065789943464,NA
"269",1979-10-02,13.2822717062272,NA
"270",1979-10-03,12.9488725231379,NA
"271",1979-10-04,13.122767396582,NA
"272",1979-10-05,13.4121222202972,NA
"273",1979-10-06,13.2179214877066,NA
"274",1979-10-07,13.3957019842909,NA
"275",1979-10-08,13.9210024746786,NA
"276",1979-10-09,14.223576932042,NA
"277",1979-10-10,13.438847520497,NA
"278",1979-10-11,12.6670418357265,NA
"279",1979-10-12,12.013501624858,NA
"280",1979-10-13,11.7672495922523,NA
"281",1979-10-14,11.6831582566176,NA
"282",1979-10-15,10.7716931847022,NA
"283",1979-10-16,10.0396187526956,NA
"284",1979-10-17,10.8932793634894,NA
"285",1979-10-18,11.6747502488687,NA
"286",1979-10-19,12.8486814645836,NA
"287",1979-10-20,14.2597566102498,NA
"288",1979-10-21,15.7016810905755,NA
"289",1979-10-22,16.9139673298685,NA
"290",1979-10-23,17.2145719568326,NA
"291",1979-10-24,16.9692717917183,NA
"292",1979-10-25,16.6337508495261,NA
"293",1979-10-26,16.6476301029346,NA
"294",1979-10-27,15.4329859932794,NA
"295",1979-10-28,13.8562731171109,NA
"296",1979-10-29,13.019156935146,NA
"297",1979-10-30,13.1726365475785,NA
"298",1979-10-31,13.9577720293035,NA
"299",1979-11-01,13.6500235213316,NA
"300",1979-11-02,13.0933189345465,NA
"301",1979-11-03,14.5725715697256,NA
"302",1979-11-04,16.4647744435867,NA
"303",1979-11-05,16.6660292549123,NA
"304",1979-11-06,16.1093420741029,NA
"305",1979-11-07,15.3149292393067,NA
"306",1979-11-08,16.010879200885,NA
"307",1979-11-09,16.8731036267601,NA
"308",1979-11-10,17.206889100422,NA
"309",1979-11-11,16.1737411873331,NA
"310",1979-11-12,16.2453989762577,NA
"311",1979-11-13,16.8002638469376,NA
"312",1979-11-14,17.4657266175146,NA
"313",1979-11-15,17.4234609931941,NA
"314",1979-11-16,16.6531563030814,NA
"315",1979-11-17,16.2805403174704,NA
"316",1979-11-18,16.9386202430819,NA
"317",1979-11-19,17.9547335948189,NA
"318",1979-11-20,17.8258690451276,NA
"319",1979-11-21,17.2095775853101,NA
"320",1979-11-22,17.1546737073032,NA
"321",1979-11-23,17.7459327072835,NA
"322",1979-11-24,17.6083198150577,NA
"323",1979-11-25,16.753473350817,NA
"324",1979-11-26,15.9016787802036,NA
"325",1979-11-27,16.1720272213601,NA
"326",1979-11-28,16.1830458215529,NA
"327",1979-11-29,16.3068238527956,NA
"328",1979-11-30,16.6561443366385,NA
"329",1979-12-01,17.3529169967732,NA
"330",1979-12-02,17.8507630110938,NA
"331",1979-12-03,18.3120968782047,NA
"332",1979-12-04,19.1491155279072,NA
"333",1979-12-05,19.511826902743,NA
"334",1979-12-06,19.6384348475674,NA
"335",1979-12-07,19.6778191390088,NA
"336",1979-12-08,18.9065147733828,NA
"337",1979-12-09,18.7954468839754,NA
"338",1979-12-10,18.4290947342171,NA
"339",1979-12-11,17.2432317396514,NA
"340",1979-12-12,17.4270394145412,NA
"341",1979-12-13,17.4007800901019,NA
"342",1979-12-14,17.2792056431611,NA
"343",1979-12-15,18.0140286542464,NA
"344",1979-12-16,17.5079090005484,NA
"345",1979-12-17,17.0060251806395,NA
"346",1979-12-18,17.2436244223753,NA
"347",1979-12-19,16.9669026372899,NA
"348",1979-12-20,17.4933102209236,NA
"349",1979-12-21,17.2618784995557,NA
"350",1979-12-22,17.1993462738043,NA
"351",1979-12-23,17.512267888783,NA
"352",1979-12-24,17.6499444871073,NA
"353",1979-12-25,17.9401263634505,NA
"354",1979-12-26,18.2835774392175,NA
"355",1979-12-27,18.9161872123284,NA
"356",1979-12-28,19.9366604830812,NA
"357",1979-12-29,20.7257166668081,NA
"358",1979-12-30,21.5682970125764,NA
"359",1979-12-31,21.6556312235649,NA
"360",1980-01-01,21.5676548860454,NA
"361",1980-01-02,21.9502929762935,NA
"362",1980-01-03,21.5724419353654,NA
"363",1980-01-04,20.5325866511659,NA
"364",1980-01-05,19.2834353597444,NA
"365",1980-01-06,18.1546336444911,NA
"366",1980-01-07,18.5089507294874,NA
"367",1980-01-08,18.8328296145528,NA
"368",1980-01-09,18.3341867021425,NA
"369",1980-01-10,18.4009041263354,NA
"370",1980-01-11,18.4667720193397,NA
"371",1980-01-12,18.3482822282455,NA
"372",1980-01-13,18.4269369944939,NA
"373",1980-01-14,18.6631498790069,NA
"374",1980-01-15,18.1214074818372,NA
"375",1980-01-16,17.5190019170513,NA
"376",1980-01-17,17.7921491006655,NA
"377",1980-01-18,18.0010081525043,NA
"378",1980-01-19,17.9734775127932,NA
"379",1980-01-20,17.9331832200589,NA
"380",1980-01-21,17.4817581580489,NA
"381",1980-01-22,18.2647159256518,NA
"382",1980-01-23,18.4075915257143,NA
"383",1980-01-24,17.5683632544879,NA
"384",1980-01-25,17.5847977340624,NA
"385",1980-01-26,17.3337179000718,NA
"386",1980-01-27,17.733659578587,NA
"387",1980-01-28,18.5083410032984,NA
"388",1980-01-29,18.0449074932605,NA
"389",1980-01-30,18.1867359060848,NA
"390",1980-01-31,18.9148755127622,NA
"391",1980-02-01,19.7648344004006,NA
"392",1980-02-02,20.204271239485,NA
"393",1980-02-03,19.8105669211038,NA
"394",1980-02-04,19.2685913351203,NA
"395",1980-02-05,19.4830514483116,NA
"396",1980-02-06,19.0294744102771,NA
"397",1980-02-07,18.1344423841306,NA
"398",1980-02-08,16.5336636068157,NA
"399",1980-02-09,15.7937970768209,NA
"400",1980-02-10,16.3709712717949,NA
"401",1980-02-11,17.2395201896631,NA
"402",1980-02-12,18.3365807664564,NA
"403",1980-02-13,19.7903117458442,NA
"404",1980-02-14,20.8827083905378,NA
"405",1980-02-15,21.5674812546253,NA
"406",1980-02-16,22.0228122497467,NA
"407",1980-02-17,22.0191795315766,NA
"408",1980-02-18,21.7862597461809,NA
"409",1980-02-19,21.8796807717973,NA
"410",1980-02-20,22.2723092713662,NA
"411",1980-02-21,21.7744812856715,NA
"412",1980-02-22,21.2590347379908,NA
"413",1980-02-23,21.2410559576507,NA
"414",1980-02-24,20.7396784384081,NA
"415",1980-02-25,20.1549530676387,NA
"416",1980-02-26,19.4288229559459,NA
"417",1980-02-27,18.2735844120389,NA
"418",1980-02-28,18.3043871107853,NA
"419",1980-02-29,18.5494480196124,NA
"420",1980-03-01,19.0287518874297,NA
"421",1980-03-02,19.367547981082,NA
"422",1980-03-03,19.9195029664872,NA
"423",1980-03-04,19.726405596434,NA
"424",1980-03-05,19.1458100467705,NA
"425",1980-03-06,19.2768926678399,NA
"426",1980-03-07,19.6937404572958,NA
"427",1980-03-08,18.4679140000821,NA
"428",1980-03-09,17.8834117095481,NA
"429",1980-03-10,17.1878235809436,NA
"430",1980-03-11,16.6161648742666,NA
"431",1980-03-12,16.8689379595284,NA
"432",1980-03-13,16.4459817613193,NA
"433",1980-03-14,15.8289693122629,NA
"434",1980-03-15,16.6712780089612,NA
"435",1980-03-16,17.0102492174605,NA
"436",1980-03-17,18.0726652391881,NA
"437",1980-03-18,18.9586332891773,NA
"438",1980-03-19,18.725095299742,NA
"439",1980-03-20,19.1596609850934,NA
"440",1980-03-21,19.2249883188885,NA
"441",1980-03-22,18.7970195029515,NA
"442",1980-03-23,18.9671981014272,NA
"443",1980-03-24,18.3149770533992,NA
"444",1980-03-25,17.541227338545,NA
"445",1980-03-26,17.9071598485923,NA
"446",1980-03-27,16.9664059745593,NA
"447",1980-03-28,16.6155977885512,NA
"448",1980-03-29,16.731742647788,NA
"449",1980-03-30,16.4950019822356,NA
"450",1980-03-31,16.3544729223507,NA
"451",1980-04-01,15.554279122593,NA
"452",1980-04-02,15.3692766551846,NA
"453",1980-04-03,15.3336070302892,NA
"454",1980-04-04,15.3938009327986,NA
"455",1980-04-05,15.2872544033721,NA
"456",1980-04-06,14.9910553372619,NA
"457",1980-04-07,14.4872048974147,NA
"458",1980-04-08,14.8874064438657,NA
"459",1980-04-09,14.6680799559786,NA
"460",1980-04-10,15.0678199467283,NA
"461",1980-04-11,15.8189624020356,NA
"462",1980-04-12,16.5516555414805,NA
"463",1980-04-13,17.4939248926695,NA
"464",1980-04-14,18.6089756643407,NA
"465",1980-04-15,19.5321186556817,NA
"466",1980-04-16,19.5909199610629,NA
"467",1980-04-17,20.0786081076327,NA
"468",1980-04-18,20.1450477825852,NA
"469",1980-04-19,19.8859866036355,NA
"470",1980-04-20,19.609090101015,NA
"471",1980-04-21,19.4351179248579,NA
"472",1980-04-22,19.003124310308,NA
"473",1980-04-23,18.5827388421069,NA
"474",1980-04-24,17.3520056557389,NA
"475",1980-04-25,16.2584572001946,NA
"476",1980-04-26,15.3866904131553,NA
"477",1980-04-27,14.4009181360725,NA
"478",1980-04-28,13.0172677980444,NA
"479",1980-04-29,12.1493915510954,NA
"480",1980-04-30,11.692716461506,NA
"481",1980-05-01,11.5717843704179,NA
"482",1980-05-02,11.5051958805332,NA
"483",1980-05-03,12.014050686934,NA
"484",1980-05-04,12.7358022035918,NA
"485",1980-05-05,13.3698726255222,NA
"486",1980-05-06,13.8845915655878,NA
"487",1980-05-07,14.3909864394257,NA
"488",1980-05-08,15.3016827258382,NA
"489",1980-05-09,16.0789682039787,NA
"490",1980-05-10,16.2103745279088,NA
"491",1980-05-11,15.8479995427786,NA
"492",1980-05-12,15.205348332538,NA
"493",1980-05-13,14.431816018045,NA
"494",1980-05-14,14.0914557862755,NA
"495",1980-05-15,13.4538015995231,NA
"496",1980-05-16,12.7533419577743,NA
"497",1980-05-17,11.8404539404767,NA
"498",1980-05-18,11.4668059599468,NA
"499",1980-05-19,11.5291886583911,NA
"500",1980-05-20,10.7958949916767,NA
"501",1980-05-21,10.2389092243062,NA
"502",1980-05-22,9.6147085539898,NA
"503",1980-05-23,9.08099478637079,NA
"504",1980-05-24,9.13094264718489,NA
"505",1980-05-25,9.35768372364872,NA
"506",1980-05-26,9.46067172766814,NA
"507",1980-05-27,10.6033841767879,NA
"508",1980-05-28,11.4128661204657,NA
"509",1980-05-29,12.0682470418402,NA
"510",1980-05-30,12.5239606007122,NA
"511",1980-05-31,12.8777840048687,NA
"512",1980-06-01,12.8501425542699,NA
"513",1980-06-02,12.2215949162472,NA
"514",1980-06-03,11.2520239608039,NA
"515",1980-06-04,10.6707780067528,NA
"516",1980-06-05,10.0765716189419,NA
"517",1980-06-06,9.45965008870811,NA
"518",1980-06-07,8.80530767587743,NA
"519",1980-06-08,8.21810772782946,NA
"520",1980-06-09,8.42772722895705,NA
"521",1980-06-10,8.43057562075018,NA
"522",1980-06-11,8.12831555943866,NA
"523",1980-06-12,8.00023497823863,NA
"524",1980-06-13,7.81709985179468,NA
"525",1980-06-14,8.07360018661238,NA
"526",1980-06-15,8.46189744245893,NA
"527",1980-06-16,8.65660554484794,NA
"528",1980-06-17,8.7219534018149,NA
"529",1980-06-18,9.08838289558807,NA
"530",1980-06-19,9.17559056422909,NA
"531",1980-06-20,9.45315562718183,NA
"532",1980-06-21,9.3839875398249,NA
"533",1980-06-22,9.16972899917186,NA
"534",1980-06-23,8.91933773332821,NA
"535",1980-06-24,9.24757742298802,NA
"536",1980-06-25,9.31637474626923,NA
"537",1980-06-26,9.66260891640259,NA
"538",1980-06-27,9.44472255095674,NA
"539",1980-06-28,9.31026884652942,NA
"540",1980-06-29,9.56220812541785,NA
"541",1980-06-30,9.57275502583728,NA
"542",1980-07-01,9.21984064629449,NA
"543",1980-07-02,8.75791070565107,NA
"544",1980-07-03,8.0803268048486,NA
"545",1980-07-04,8.13193954316683,NA
"546",1980-07-05,8.29486352529238,NA
"547",1980-07-06,8.15430365579417,NA
"548",1980-07-07,8.26763382840192,NA
"549",1980-07-08,8.13243799418928,NA
"550",1980-07-09,8.16442709056867,NA
"551",1980-07-10,8.25253208421102,NA
"552",1980-07-11,7.92397917291524,NA
"553",1980-07-12,7.76297159266542,NA
"554",1980-07-13,7.61837328382998,NA
"555",1980-07-14,7.75465479479479,NA
"556",1980-07-15,8.01553918885826,NA
"557",1980-07-16,8.31762875746914,NA
"558",1980-07-17,8.58224982037923,NA
"559",1980-07-18,8.86715288527926,NA
"560",1980-07-19,8.74839197505971,NA
"561",1980-07-20,8.42947989583911,NA
"562",1980-07-21,7.92210397954437,NA
"563",1980-07-22,7.7431150846442,NA
"564",1980-07-23,7.26873562906284,NA
"565",1980-07-24,6.99956213448577,NA
"566",1980-07-25,7.05043142950029,NA
"567",1980-07-26,7.60549448849826,NA
"568",1980-07-27,8.23441446656824,NA
"569",1980-07-28,8.42777050428266,NA
"570",1980-07-29,8.35977790154809,NA
"571",1980-07-30,8.40246159367153,NA
"572",1980-07-31,8.53496891031059,NA
"573",1980-08-01,8.67058167652737,NA
"574",1980-08-02,8.12497301219584,NA
"575",1980-08-03,7.96084117162075,NA
"576",1980-08-04,7.93750367524301,NA
"577",1980-08-05,8.03058283874083,NA
"578",1980-08-06,8.48873067543601,NA
"579",1980-08-07,8.27203548448414,NA
"580",1980-08-08,8.2990459844474,NA
"581",1980-08-09,8.60536252165716,NA
"582",1980-08-10,8.92733002006224,NA
"583",1980-08-11,9.11500446786114,NA
"584",1980-08-12,9.29939819990973,NA
"585",1980-08-13,8.95008042396263,NA
"586",1980-08-14,9.12112238557615,NA
"587",1980-08-15,8.70460901723833,NA
"588",1980-08-16,8.33298172422636,NA
"589",1980-08-17,7.81794958874715,NA
"590",1980-08-18,8.05449125144208,NA
"591",1980-08-19,8.82508820539745,NA
"592",1980-08-20,9.28233628227886,NA
"593",1980-08-21,9.77618296043246,NA
"594",1980-08-22,10.6767154167941,NA
"595",1980-08-23,11.5639741415033,NA
"596",1980-08-24,11.6392695122436,NA
"597",1980-08-25,11.0173667831664,NA
"598",1980-08-26,9.92841780099921,NA
"599",1980-08-27,9.70825061635131,NA
"600",1980-08-28,9.71969870013455,NA
"601",1980-08-29,9.67125435471448,NA
"602",1980-08-30,10.1279181509692,NA
"603",1980-08-31,10.4224200635596,NA
"604",1980-09-01,10.7731848311283,NA
"605",1980-09-02,11.2811038327061,NA
"606",1980-09-03,11.4751383190113,NA
"607",1980-09-04,11.4519482194516,NA
"608",1980-09-05,11.1527148393311,NA
"609",1980-09-06,10.7780244331473,NA
"610",1980-09-07,11.0645517027881,NA
"611",1980-09-08,11.2812396631722,NA
"612",1980-09-09,11.0963612182198,NA
"613",1980-09-10,11.2773541863136,NA
"614",1980-09-11,11.2087698353898,NA
"615",1980-09-12,10.9122591515371,NA
"616",1980-09-13,10.4554398743382,NA
"617",1980-09-14,10.5748493973166,NA
"618",1980-09-15,10.3701940815645,NA
"619",1980-09-16,10.8980071545422,NA
"620",1980-09-17,10.7129483310853,NA
"621",1980-09-18,10.5759488780077,NA
"622",1980-09-19,10.7994661622293,NA
"623",1980-09-20,10.9096814282867,NA
"624",1980-09-21,10.7148202209899,NA
"625",1980-09-22,11.3045524352809,NA
"626",1980-09-23,11.9673804751197,NA
"627",1980-09-24,13.276640545015,NA
"628",1980-09-25,13.5460782016591,NA
"629",1980-09-26,13.759537810343,NA
"630",1980-09-27,13.9792054080006,NA
"631",1980-09-28,14.4818024565693,NA
"632",1980-09-29,15.4317440026259,NA
"633",1980-09-30,15.3695013085228,NA
"634",1980-10-01,14.7844496455989,NA
"635",1980-10-02,15.228406761501,NA
"636",1980-10-03,15.1037660383795,NA
"637",1980-10-04,15.4104910525541,NA
"638",1980-10-05,15.7176259640055,NA
"639",1980-10-06,14.5115830047206,NA
"640",1980-10-07,13.7318908278573,NA
"641",1980-10-08,13.3488549372097,NA
"642",1980-10-09,13.0269535602174,NA
"643",1980-10-10,13.8391557955836,NA
"644",1980-10-11,13.5828550446714,NA
"645",1980-10-12,12.602511281078,NA
"646",1980-10-13,12.6946373486696,NA
"647",1980-10-14,12.8031970291442,NA
"648",1980-10-15,13.1168555146545,NA
"649",1980-10-16,12.7271461025546,NA
"650",1980-10-17,12.3519836702039,NA
"651",1980-10-18,12.9421479208233,NA
"652",1980-10-19,14.1085867455996,NA
"653",1980-10-20,14.5094765071033,NA
"654",1980-10-21,15.4391029956746,NA
"655",1980-10-22,16.4563982847864,NA
"656",1980-10-23,16.7996948495366,NA
"657",1980-10-24,16.4123792475222,NA
"658",1980-10-25,16.2889665470301,NA
"659",1980-10-26,16.7249327873684,NA
"660",1980-10-27,16.4259099349327,NA
"661",1980-10-28,15.4321261854761,NA
"662",1980-10-29,14.1517245924765,NA
"663",1980-10-30,14.0818556991345,NA
"664",1980-10-31,14.3323894328296,NA
"665",1980-11-01,13.405924106051,NA
"666",1980-11-02,11.5164621035045,NA
"667",1980-11-03,10.9118766810599,NA
"668",1980-11-04,11.4633195486414,NA
"669",1980-11-05,11.9356392023267,NA
"670",1980-11-06,12.0575682958923,NA
"671",1980-11-07,12.1574984405458,NA
"672",1980-11-08,12.5084151266616,NA
"673",1980-11-09,13.1580898347562,NA
"674",1980-11-10,14.6946741397428,NA
"675",1980-11-11,15.8268468000334,NA
"676",1980-11-12,17.0362689446238,NA
"677",1980-11-13,18.5670510169982,NA
"678",1980-11-14,18.8588853119967,NA
"679",1980-11-15,19.6793835684951,NA
"680",1980-11-16,21.0656308611107,NA
"681",1980-11-17,21.7806646727648,NA
"682",1980-11-18,21.3928422797384,NA
"683",1980-11-19,20.4087879881058,NA
"684",1980-11-20,19.5976157350174,NA
"685",1980-11-21,19.4048564717189,NA
"686",1980-11-22,18.6059594515669,NA
"687",1980-11-23,16.7638716600738,NA
"688",1980-11-24,14.6906734482515,NA
"689",1980-11-25,14.6433065016043,NA
"690",1980-11-26,16.2133272977896,NA
"691",1980-11-27,17.1880324677393,NA
"692",1980-11-28,17.7091619479279,NA
"693",1980-11-29,18.0864036731745,NA
"694",1980-11-30,18.4055043692001,NA
"695",1980-12-01,19.6304259345402,NA
"696",1980-12-02,19.8029757491487,NA
"697",1980-12-03,18.8931462911389,NA
"698",1980-12-04,17.5996470606904,NA
"699",1980-12-05,17.4030436782127,NA
"700",1980-12-06,17.7645638575934,NA
"701",1980-12-07,18.0355849969732,NA
"702",1980-12-08,18.1240991229503,NA
"703",1980-12-09,19.2936581564749,NA
"704",1980-12-10,20.7914860612742,NA
"705",1980-12-11,21.622428798384,NA
"706",1980-12-12,21.9271295114681,NA
"707",1980-12-13,21.7171902274263,NA
"708",1980-12-14,21.3671717081217,NA
"709",1980-12-15,20.6156324516183,NA
"710",1980-12-16,18.8807846179119,NA
"711",1980-12-17,16.3612147570276,NA
"712",1980-12-18,14.7501581025501,NA
"713",1980-12-19,14.5625676956218,NA
"714",1980-12-20,15.8940899991282,NA
"715",1980-12-21,17.8337170096859,NA
"716",1980-12-22,18.9268682104564,NA
"717",1980-12-23,19.2642851712305,NA
"718",1980-12-24,20.5029764245476,NA
"719",1980-12-25,21.2502268020031,NA
"720",1980-12-26,21.5019622005402,NA
"721",1980-12-27,21.6960911726776,NA
"722",1980-12-28,21.1872348436187,NA
"723",1980-12-29,20.3583353976577,NA
"724",1980-12-30,20.899457627533,NA
"725",1980-12-31,21.1711236239308,NA
"726",1981-01-01,21.546953250404,NA
"727",1981-01-02,22.0154720488893,NA
"728",1981-01-03,21.5377379087882,NA
"729",1981-01-04,21.202179876457,NA
"730",1981-01-05,21.4909612151038,NA
"731",1981-01-06,21.3531585353257,NA
"732",1981-01-07,21.0995531396672,NA
"733",1981-01-08,21.3385292360878,NA
"734",1981-01-09,21.2271307352567,NA
"735",1981-01-10,21.0159131845473,NA
"736",1981-01-11,20.9395042559624,NA
"737",1981-01-12,21.3496173838494,NA
"738",1981-01-13,22.0900935015527,NA
"739",1981-01-14,22.5719358046946,NA
"740",1981-01-15,22.5524379471143,NA
"741",1981-01-16,22.591095916252,NA
"742",1981-01-17,23.0282057435561,NA
"743",1981-01-18,23.1875653155173,NA
"744",1981-01-19,23.0584372769836,NA
"745",1981-01-20,22.8983014414899,NA
"746",1981-01-21,22.2977973574598,NA
"747",1981-01-22,21.6206779391537,NA
"748",1981-01-23,20.9400085776156,NA
"749",1981-01-24,20.4764423674028,NA
"750",1981-01-25,20.9968595401276,NA
"751",1981-01-26,21.8507684330677,NA
"752",1981-01-27,21.4823718769282,NA
"753",1981-01-28,21.3150121015435,NA
"754",1981-01-29,21.3095373553904,NA
"755",1981-01-30,21.4189547656984,NA
"756",1981-01-31,21.1982761944816,NA
"757",1981-02-01,20.7654739974261,NA
"758",1981-02-02,20.5437679258133,NA
"759",1981-02-03,21.3405684865498,NA
"760",1981-02-04,21.5854226552282,NA
"761",1981-02-05,21.5751520801206,NA
"762",1981-02-06,21.3464241318889,NA
"763",1981-02-07,21.5875454255131,NA
"764",1981-02-08,21.7616985204924,NA
"765",1981-02-09,21.4590406969118,NA
"766",1981-02-10,20.4592910086779,NA
"767",1981-02-11,20.2448683707276,NA
"768",1981-02-12,20.669316834596,NA
"769",1981-02-13,21.5979609574876,NA
"770",1981-02-14,21.8878572622515,NA
"771",1981-02-15,22.0222358690951,NA
"772",1981-02-16,22.0637988523555,NA
"773",1981-02-17,22.3010234022666,NA
"774",1981-02-18,22.2172712947051,NA
"775",1981-02-19,21.8649035659108,NA
"776",1981-02-20,20.9435363631573,NA
"777",1981-02-21,20.1600069790811,NA
"778",1981-02-22,19.1355614579607,NA
"779",1981-02-23,19.1405318499585,NA
"780",1981-02-24,19.2236933947927,NA
"781",1981-02-25,19.4902537150311,NA
"782",1981-02-26,20.1869191546491,NA
"783",1981-02-27,20.9801391787694,NA
"784",1981-02-28,21.5148587097119,NA
"785",1981-03-01,21.755965765359,NA
"786",1981-03-02,21.5595944104986,NA
"787",1981-03-03,21.2798571349719,NA
"788",1981-03-04,21.0188234882188,NA
"789",1981-03-05,20.2670743786807,NA
"790",1981-03-06,19.3211942494308,NA
"791",1981-03-07,19.001264031667,NA
"792",1981-03-08,18.7158462423274,NA
"793",1981-03-09,18.0858505755253,NA
"794",1981-03-10,17.7106800779872,NA
"795",1981-03-11,17.7424672020926,NA
"796",1981-03-12,18.0728938571995,NA
"797",1981-03-13,17.5971065052395,NA
"798",1981-03-14,16.284578519559,NA
"799",1981-03-15,15.6687695957655,NA
"800",1981-03-16,15.947131621177,NA
"801",1981-03-17,16.1763886273813,NA
"802",1981-03-18,17.0848786774372,NA
"803",1981-03-19,17.6593295245427,NA
"804",1981-03-20,17.5262630632996,NA
"805",1981-03-21,17.3163166751979,NA
"806",1981-03-22,17.1695402268911,NA
"807",1981-03-23,17.1763029067733,NA
"808",1981-03-24,17.0541091142277,NA
"809",1981-03-25,15.8829653424727,NA
"810",1981-03-26,15.0794761316261,NA
"811",1981-03-27,16.2345139019004,NA
"812",1981-03-28,17.3158605366847,NA
"813",1981-03-29,17.7674087511197,NA
"814",1981-03-30,17.7716428049703,NA
"815",1981-03-31,18.2416401781326,NA
"816",1981-04-01,19.0746857106329,NA
"817",1981-04-02,19.6162910111691,NA
"818",1981-04-03,19.7321687234684,NA
"819",1981-04-04,19.8002014734916,NA
"820",1981-04-05,19.9208192543166,NA
"821",1981-04-06,19.6523031551047,NA
"822",1981-04-07,19.4972543051638,NA
"823",1981-04-08,19.4116106903218,NA
"824",1981-04-09,18.8825243245377,NA
"825",1981-04-10,17.8264139787602,NA
"826",1981-04-11,17.3132588883243,NA
"827",1981-04-12,17.0743699167744,NA
"828",1981-04-13,17.2468262770268,NA
"829",1981-04-14,16.8021254972179,NA
"830",1981-04-15,16.270156330462,NA
"831",1981-04-16,15.8173409033644,NA
"832",1981-04-17,16.0374258286799,NA
"833",1981-04-18,15.8018208819155,NA
"834",1981-04-19,15.3987565885552,NA
"835",1981-04-20,14.8203025696535,NA
"836",1981-04-21,14.7712102554754,NA
"837",1981-04-22,14.8965597599349,NA
"838",1981-04-23,15.1367016451193,NA
"839",1981-04-24,15.0450177603601,NA
"840",1981-04-25,14.0955065032212,NA
"841",1981-04-26,13.8074933619536,NA
"842",1981-04-27,13.7794906558499,NA
"843",1981-04-28,13.193463688161,NA
"844",1981-04-29,12.2155194625621,NA
"845",1981-04-30,11.8384363388485,NA
"846",1981-05-01,12.1056402031965,NA
"847",1981-05-02,13.2294130063838,NA
"848",1981-05-03,13.1312881162994,NA
"849",1981-05-04,13.5229143007309,NA
"850",1981-05-05,14.4170971892263,NA
"851",1981-05-06,14.6135300441493,NA
"852",1981-05-07,14.4568285794792,NA
"853",1981-05-08,14.0004711793684,NA
"854",1981-05-09,12.6568419025456,NA
"855",1981-05-10,12.4472926692897,NA
"856",1981-05-11,11.9293881022115,NA
"857",1981-05-12,11.0101582285931,NA
"858",1981-05-13,10.992607526486,NA
"859",1981-05-14,11.0297084751172,NA
"860",1981-05-15,11.2136661252967,NA
"861",1981-05-16,12.1192543124908,NA
"862",1981-05-17,11.6592353931557,NA
"863",1981-05-18,11.1425082905343,NA
"864",1981-05-19,10.6133815635103,NA
"865",1981-05-20,9.72070063404288,NA
"866",1981-05-21,9.37169404598661,NA
"867",1981-05-22,9.16635896698611,NA
"868",1981-05-23,9.32484653762299,NA
"869",1981-05-24,10.1065998159421,NA
"870",1981-05-25,10.9169469279608,NA
"871",1981-05-26,11.8536859551622,NA
"872",1981-05-27,12.6531298709541,NA
"873",1981-05-28,12.8508347510116,NA
"874",1981-05-29,12.8330906402882,NA
"875",1981-05-30,12.5319851676007,NA
"876",1981-05-31,12.3321425575871,NA
"877",1981-06-01,12.0370036087095,NA
"878",1981-06-02,11.5990228788975,NA
"879",1981-06-03,11.4413908920371,NA
"880",1981-06-04,10.9598140214631,NA
"881",1981-06-05,10.5716155094232,NA
"882",1981-06-06,9.80537744813426,NA
"883",1981-06-07,9.02766452634573,NA
"884",1981-06-08,8.57247880302962,NA
"885",1981-06-09,8.52949527688494,NA
"886",1981-06-10,8.25402952732594,NA
"887",1981-06-11,8.39250808434965,NA
"888",1981-06-12,8.70876337857918,NA
"889",1981-06-13,9.32567702684106,NA
"890",1981-06-14,9.73577779099601,NA
"891",1981-06-15,9.56118634066713,NA
"892",1981-06-16,8.84613493297826,NA
"893",1981-06-17,8.43306565557704,NA
"894",1981-06-18,8.15552347573749,NA
"895",1981-06-19,7.45877938583326,NA
"896",1981-06-20,6.82169941364641,NA
"897",1981-06-21,6.7534963232546,NA
"898",1981-06-22,6.68805989960571,NA
"899",1981-06-23,6.51720776360846,NA
"900",1981-06-24,6.29954328283371,NA
"901",1981-06-25,6.25650461295219,NA
"902",1981-06-26,6.62946226659188,NA
"903",1981-06-27,7.04243983301105,NA
"904",1981-06-28,7.2172903262387,NA
"905",1981-06-29,7.97521142224511,NA
"906",1981-06-30,9.04209392799547,NA
"907",1981-07-01,9.77799235815271,NA
"908",1981-07-02,9.84212227689745,NA
"909",1981-07-03,9.41508175306437,NA
"910",1981-07-04,9.09155447466326,NA
"911",1981-07-05,8.90901944206483,NA
"912",1981-07-06,8.23476089089505,NA
"913",1981-07-07,7.96359672323289,NA
"914",1981-07-08,7.92741481170604,NA
"915",1981-07-09,7.87274844751116,NA
"916",1981-07-10,7.91105438875325,NA
"917",1981-07-11,7.33558405887712,NA
"918",1981-07-12,6.87119603769176,NA
"919",1981-07-13,6.76195210875596,NA
"920",1981-07-14,6.30113905709008,NA
"921",1981-07-15,6.02165118716664,NA
"922",1981-07-16,6.21327013872482,NA
"923",1981-07-17,6.43122901088494,NA
"924",1981-07-18,7.09162194540253,NA
"925",1981-07-19,7.87942576911776,NA
"926",1981-07-20,8.63631070003522,NA
"927",1981-07-21,9.29231747182659,NA
"928",1981-07-22,9.53760904549645,NA
"929",1981-07-23,9.88502379680153,NA
"930",1981-07-24,9.93348048189068,NA
"931",1981-07-25,10.0243791322266,NA
"932",1981-07-26,9.42560565210643,NA
"933",1981-07-27,8.97090730826062,NA
"934",1981-07-28,8.2094611919001,NA
"935",1981-07-29,7.85544995015349,NA
"936",1981-07-30,7.32561748940539,NA
"937",1981-07-31,7.07390300078952,NA
"938",1981-08-01,6.97069453855525,NA
"939",1981-08-02,7.21095200252902,NA
"940",1981-08-03,7.44118247843205,NA
"941",1981-08-04,7.98353649338385,NA
"942",1981-08-05,8.4445856102913,NA
"943",1981-08-06,8.6853052875911,NA
"944",1981-08-07,8.9021261432842,NA
"945",1981-08-08,8.60174234132822,NA
"946",1981-08-09,8.26234414777148,NA
"947",1981-08-10,7.87611113083994,NA
"948",1981-08-11,7.74970128350141,NA
"949",1981-08-12,7.45113352655241,NA
"950",1981-08-13,7.48690340415616,NA
"951",1981-08-14,7.44816315021929,NA
"952",1981-08-15,7.98052956813363,NA
"953",1981-08-16,8.66652651046749,NA
"954",1981-08-17,8.70786398097585,NA
"955",1981-08-18,8.99709028414132,NA
"956",1981-08-19,9.58885455217568,NA
"957",1981-08-20,9.84191260694267,NA
"958",1981-08-21,9.76076948875271,NA
"959",1981-08-22,9.23572598013521,NA
"960",1981-08-23,8.60758280184213,NA
"961",1981-08-24,8.58963564025464,NA
"962",1981-08-25,8.47140027191933,NA
"963",1981-08-26,8.22286444576315,NA
"964",1981-08-27,7.65764699133421,NA
"965",1981-08-28,7.83212487446629,NA
"966",1981-08-29,8.27650862651242,NA
"967",1981-08-30,8.35672015653424,NA
"968",1981-08-31,8.54191430078225,NA
"969",1981-09-01,8.66875838889653,NA
"970",1981-09-02,8.8073493427364,NA
"971",1981-09-03,9.43044719567524,NA
"972",1981-09-04,9.61465697020829,NA
"973",1981-09-05,9.77309350867269,NA
"974",1981-09-06,10.5385492667397,NA
"975",1981-09-07,11.439180848467,NA
"976",1981-09-08,12.3516502326394,NA
"977",1981-09-09,12.8182820895485,NA
"978",1981-09-10,13.7633902533362,NA
"979",1981-09-11,14.0468424560753,NA
"980",1981-09-12,14.2542041635443,NA
"981",1981-09-13,14.1003487082917,NA
"982",1981-09-14,13.8261736633164,NA
"983",1981-09-15,13.6197368092751,NA
"984",1981-09-16,13.9781611187982,NA
"985",1981-09-17,14.5131318717207,NA
"986",1981-09-18,14.8138662983379,NA
"987",1981-09-19,14.7996410786954,NA
"988",1981-09-20,15.3458986283116,NA
"989",1981-09-21,15.2149427832736,NA
"990",1981-09-22,14.7484375887973,NA
"991",1981-09-23,13.657572093499,NA
"992",1981-09-24,11.8410956880507,NA
"993",1981-09-25,11.3543268314542,NA
"994",1981-09-26,11.1353028131452,NA
"995",1981-09-27,10.3206166018851,NA
"996",1981-09-28,10.5168915830316,NA
"997",1981-09-29,10.7778316778968,NA
"998",1981-09-30,11.7847496818466,NA
"999",1981-10-01,12.8359372360539,NA
"1000",1981-10-02,13.2630333875737,NA
"1001",1981-10-03,12.8625436489651,NA
"1002",1981-10-04,13.1151731981557,NA
"1003",1981-10-05,13.2245549892505,NA
"1004",1981-10-06,14.001349041451,NA
"1005",1981-10-07,13.658305652888,NA
"1006",1981-10-08,13.5957847831152,NA
"1007",1981-10-09,13.7351128982262,NA
"1008",1981-10-10,13.9959474650013,NA
"1009",1981-10-11,13.824998142968,NA
"1010",1981-10-12,14.1371998028788,NA
"1011",1981-10-13,14.2505014516014,NA
"1012",1981-10-14,14.0440820360429,NA
"1013",1981-10-15,13.4180468722666,NA
"1014",1981-10-16,12.7936389204193,NA
"1015",1981-10-17,13.0981553911996,NA
"1016",1981-10-18,13.687840646242,NA
"1017",1981-10-19,13.5953507703058,NA
"1018",1981-10-20,12.8772789329611,NA
"1019",1981-10-21,13.1437078651327,NA
"1020",1981-10-22,13.1061511977152,NA
"1021",1981-10-23,13.0936718488848,NA
"1022",1981-10-24,13.4329871123222,NA
"1023",1981-10-25,13.7128832720541,NA
"1024",1981-10-26,14.6118907226979,NA
"1025",1981-10-27,15.2227606933067,NA
"1026",1981-10-28,15.5372257451824,NA
"1027",1981-10-29,16.4053216045461,NA
"1028",1981-10-30,17.0942889515933,NA
"1029",1981-10-31,16.985305791539,NA
"1030",1981-11-01,17.0836900080933,NA
"1031",1981-11-02,16.7353151879856,NA
"1032",1981-11-03,17.0138370734848,NA
"1033",1981-11-04,16.6937253351081,NA
"1034",1981-11-05,16.03277108089,NA
"1035",1981-11-06,15.328450186299,NA
"1036",1981-11-07,15.5802274388774,NA
"1037",1981-11-08,15.8962048753022,NA
"1038",1981-11-09,15.7379206050158,NA
"1039",1981-11-10,14.6387676034122,NA
"1040",1981-11-11,14.4230688222662,NA
"1041",1981-11-12,14.402835489834,NA
"1042",1981-11-13,14.532039747768,NA
"1043",1981-11-14,14.3339323086275,NA
"1044",1981-11-15,12.8176374740903,NA
"1045",1981-11-16,11.5609735430582,NA
"1046",1981-11-17,11.5705793443963,NA
"1047",1981-11-18,12.1494016409513,NA
"1048",1981-11-19,13.0316068693376,NA
"1049",1981-11-20,13.6891507694208,NA
"1050",1981-11-21,14.0362346859129,NA
"1051",1981-11-22,15.663511284441,NA
"1052",1981-11-23,17.2389132856481,NA
"1053",1981-11-24,17.3427190738998,NA
"1054",1981-11-25,17.3809437380352,NA
"1055",1981-11-26,17.8340900181223,NA
"1056",1981-11-27,18.8778229881137,NA
"1057",1981-11-28,19.3531063723754,NA
"1058",1981-11-29,18.9378730102809,NA
"1059",1981-11-30,18.2632997544006,NA
"1060",1981-12-01,18.4776707280026,NA
"1061",1981-12-02,19.1058118800038,NA
"1062",1981-12-03,18.5734891218784,NA
"1063",1981-12-04,18.4181866824525,NA
"1064",1981-12-05,18.3247138752176,NA
"1065",1981-12-06,18.940984546358,NA
"1066",1981-12-07,18.9132048330021,NA
"1067",1981-12-08,18.8557407562668,NA
"1068",1981-12-09,18.1438761863269,NA
"1069",1981-12-10,18.6924677635424,NA
"1070",1981-12-11,18.3601153873345,NA
"1071",1981-12-12,17.9974799295364,NA
"1072",1981-12-13,16.829318784869,NA
"1073",1981-12-14,16.654591005201,NA
"1074",1981-12-15,16.8722085750062,NA
"1075",1981-12-16,17.8943265863862,NA
"1076",1981-12-17,18.1505262387832,NA
"1077",1981-12-18,17.8948754034995,NA
"1078",1981-12-19,17.85010345618,NA
"1079",1981-12-20,18.2819697812129,NA
"1080",1981-12-21,18.9583193002461,NA
"1081",1981-12-22,19.0232128322015,NA
"1082",1981-12-23,18.3062045246112,NA
"1083",1981-12-24,17.2993948312423,NA
"1084",1981-12-25,17.1364854400435,NA
"1085",1981-12-26,17.5284889693324,NA
"1086",1981-12-27,17.6828948384321,NA
"1087",1981-12-28,17.8190109275129,NA
"1088",1981-12-29,18.1468136082195,NA
"1089",1981-12-30,19.1654939699181,NA
"1090",1981-12-31,20.2284404174408,NA
"1091",1982-01-01,20.4580573990554,NA
"1092",1982-01-02,20.2903451557921,NA
"1093",1982-01-03,20.4795867336165,NA
"1094",1982-01-04,20.0652066431644,NA
"1095",1982-01-05,19.9929408189878,NA
"1096",1982-01-06,19.5546678470721,NA
"1097",1982-01-07,18.7093896094852,NA
"1098",1982-01-08,18.7064687180494,NA
"1099",1982-01-09,19.3415576787237,NA
"1100",1982-01-10,20.4011843890368,NA
"1101",1982-01-11,21.8432870704036,NA
"1102",1982-01-12,21.9194015431309,NA
"1103",1982-01-13,21.5256638874278,NA
"1104",1982-01-14,21.5723768572775,NA
"1105",1982-01-15,21.8834232941368,NA
"1106",1982-01-16,22.1587055759885,NA
"1107",1982-01-17,21.612068618311,NA
"1108",1982-01-18,20.9850795254676,NA
"1109",1982-01-19,21.5955228631288,NA
"1110",1982-01-20,22.4786656215703,NA
"1111",1982-01-21,22.8304152066597,NA
"1112",1982-01-22,22.6342133638673,NA
"1113",1982-01-23,22.8714306697673,NA
"1114",1982-01-24,23.1215380016596,NA
"1115",1982-01-25,22.8456951412308,NA
"1116",1982-01-26,22.2392233049717,NA
"1117",1982-01-27,21.3378219558492,NA
"1118",1982-01-28,21.1529429885943,NA
"1119",1982-01-29,21.4420311192612,NA
"1120",1982-01-30,20.1596342331124,NA
"1121",1982-01-31,18.6603899834536,NA
"1122",1982-02-01,18.6167593765432,NA
"1123",1982-02-02,19.0225637107358,NA
"1124",1982-02-03,19.2171412594388,NA
"1125",1982-02-04,18.3541776521107,NA
"1126",1982-02-05,18.0859825072704,NA
"1127",1982-02-06,19.1525571514764,NA
"1128",1982-02-07,20.4483338232692,NA
"1129",1982-02-08,21.3217531015484,NA
"1130",1982-02-09,21.1839430234651,NA
"1131",1982-02-10,21.4640721583739,NA
"1132",1982-02-11,21.8339629763984,NA
"1133",1982-02-12,22.319665429036,NA
"1134",1982-02-13,22.4559138811421,NA
"1135",1982-02-14,22.5367177733817,NA
"1136",1982-02-15,22.6737249931432,NA
"1137",1982-02-16,22.77636135097,NA
"1138",1982-02-17,22.6856951301086,NA
"1139",1982-02-18,22.4222341897545,NA
"1140",1982-02-19,21.9452555453611,NA
"1141",1982-02-20,21.1904117156682,NA
"1142",1982-02-21,19.9810263354581,NA
"1143",1982-02-22,19.2265739109644,NA
"1144",1982-02-23,18.9566334131412,NA
"1145",1982-02-24,18.3931524080978,NA
"1146",1982-02-25,18.6177855089227,NA
"1147",1982-02-26,17.7091595563946,NA
"1148",1982-02-27,17.2646139525773,NA
"1149",1982-02-28,17.223323197339,NA
"1150",1982-03-01,16.3450751852403,NA
"1151",1982-03-02,16.1810918439082,NA
"1152",1982-03-03,17.4275818364656,NA
"1153",1982-03-04,18.2074102621303,NA
"1154",1982-03-05,19.6643106456971,NA
"1155",1982-03-06,20.3944758717421,NA
"1156",1982-03-07,21.2501955539901,NA
"1157",1982-03-08,21.1627714187396,NA
"1158",1982-03-09,20.8872758860572,NA
"1159",1982-03-10,19.9867038122443,NA
"1160",1982-03-11,19.1831513046642,NA
"1161",1982-03-12,18.2342057517683,NA
"1162",1982-03-13,18.1005455755134,NA
"1163",1982-03-14,17.7172682455947,NA
"1164",1982-03-15,18.9155439652828,NA
"1165",1982-03-16,19.6858023948932,NA
"1166",1982-03-17,19.7059477078965,NA
"1167",1982-03-18,19.5047276379889,NA
"1168",1982-03-19,19.7122685510803,NA
"1169",1982-03-20,19.6874520315368,NA
"1170",1982-03-21,19.7276466989224,NA
"1171",1982-03-22,19.4841570694882,NA
"1172",1982-03-23,18.8484791018259,NA
"1173",1982-03-24,19.0692329438157,NA
"1174",1982-03-25,19.5826380780942,NA
"1175",1982-03-26,19.6453757516025,NA
"1176",1982-03-27,19.0672958256414,NA
"1177",1982-03-28,17.9927750847572,NA
"1178",1982-03-29,17.1589965414272,NA
"1179",1982-03-30,17.3963142362276,NA
"1180",1982-03-31,17.4666537468258,NA
"1181",1982-04-01,17.7343929395904,NA
"1182",1982-04-02,17.1343466409305,NA
"1183",1982-04-03,16.4100397379825,NA
"1184",1982-04-04,16.025455405228,NA
"1185",1982-04-05,15.8719082393138,NA
"1186",1982-04-06,15.8305020808105,NA
"1187",1982-04-07,15.5417479277327,NA
"1188",1982-04-08,14.638438194964,NA
"1189",1982-04-09,15.0293654248752,NA
"1190",1982-04-10,16.0500841831724,NA
"1191",1982-04-11,16.8560860896327,NA
"1192",1982-04-12,17.5812032635474,NA
"1193",1982-04-13,18.0632374292227,NA
"1194",1982-04-14,18.7067206764829,NA
"1195",1982-04-15,19.0801388455975,NA
"1196",1982-04-16,18.2679982249982,NA
"1197",1982-04-17,17.4107093977079,NA
"1198",1982-04-18,16.5528951254766,NA
"1199",1982-04-19,15.6752266477784,NA
"1200",1982-04-20,14.7740358377404,NA
"1201",1982-04-21,13.8108640569454,NA
"1202",1982-04-22,13.4854376293234,NA
"1203",1982-04-23,14.4338859877848,NA
"1204",1982-04-24,15.1923368866795,NA
"1205",1982-04-25,14.6448836683506,NA
"1206",1982-04-26,13.7024084736377,NA
"1207",1982-04-27,13.0847799282902,NA
"1208",1982-04-28,12.4729301877518,NA
"1209",1982-04-29,11.6879579833388,NA
"1210",1982-04-30,10.711290590891,NA
"1211",1982-05-01,9.72090181295742,NA
"1212",1982-05-02,10.5971142712127,NA
"1213",1982-05-03,11.874596933658,NA
"1214",1982-05-04,12.7319069666934,NA
"1215",1982-05-05,12.9228630721302,NA
"1216",1982-05-06,12.8448066602947,NA
"1217",1982-05-07,12.5666153785065,NA
"1218",1982-05-08,12.2536566109906,NA
"1219",1982-05-09,11.5547941651192,NA
"1220",1982-05-10,10.8743088594623,NA
"1221",1982-05-11,10.1319731357647,NA
"1222",1982-05-12,10.1496993646956,NA
"1223",1982-05-13,9.99411686166889,NA
"1224",1982-05-14,9.87988734286534,NA
"1225",1982-05-15,9.95533385108603,NA
"1226",1982-05-16,10.1882162601815,NA
"1227",1982-05-17,10.7339253353372,NA
"1228",1982-05-18,11.8197850748213,NA
"1229",1982-05-19,11.4785679622033,NA
"1230",1982-05-20,11.6189023796854,NA
"1231",1982-05-21,11.2094446008465,NA
"1232",1982-05-22,11.1705890329765,NA
"1233",1982-05-23,10.9097212429635,NA
"1234",1982-05-24,10.4344829721975,NA
"1235",1982-05-25,9.62732776787946,NA
"1236",1982-05-26,10.0285134000428,NA
"1237",1982-05-27,10.6640714714511,NA
"1238",1982-05-28,11.9031090761029,NA
"1239",1982-05-29,12.2951295948811,NA
"1240",1982-05-30,12.5322902787033,NA
"1241",1982-05-31,11.8562525697099,NA
"1242",1982-06-01,11.603033147408,NA
"1243",1982-06-02,10.6809564706217,NA
"1244",1982-06-03,9.28813534929593,NA
"1245",1982-06-04,7.93814499951054,NA
"1246",1982-06-05,7.16873074198615,NA
"1247",1982-06-06,6.50478898858554,NA
"1248",1982-06-07,6.63614216772417,NA
"1249",1982-06-08,6.10362006167418,NA
"1250",1982-06-09,6.35044810726428,NA
"1251",1982-06-10,6.95702601104156,NA
"1252",1982-06-11,7.43640862119572,NA
"1253",1982-06-12,7.90067382879319,NA
"1254",1982-06-13,8.43515000655732,NA
"1255",1982-06-14,8.87899362749609,NA
"1256",1982-06-15,9.07118899814066,NA
"1257",1982-06-16,9.16344611758585,NA
"1258",1982-06-17,8.77795605681982,NA
"1259",1982-06-18,8.48691336556329,NA
"1260",1982-06-19,8.33624786720129,NA
"1261",1982-06-20,7.80988026627231,NA
"1262",1982-06-21,7.17182455293935,NA
"1263",1982-06-22,7.46378719767761,NA
"1264",1982-06-23,7.19726923901876,NA
"1265",1982-06-24,6.83264712059266,NA
"1266",1982-06-25,6.47326082303549,NA
"1267",1982-06-26,6.00765762560921,NA
"1268",1982-06-27,6.13410908601271,NA
"1269",1982-06-28,6.40963431452347,NA
"1270",1982-06-29,6.31131468059386,NA
"1271",1982-06-30,6.31890456350376,NA
"1272",1982-07-01,6.59822277904205,NA
"1273",1982-07-02,6.89386298669316,NA
"1274",1982-07-03,7.11903255003893,NA
"1275",1982-07-04,6.85928065614458,NA
"1276",1982-07-05,6.5501233453484,NA
"1277",1982-07-06,6.32837366778174,NA
"1278",1982-07-07,6.34209643733758,NA
"1279",1982-07-08,6.12240870971811,NA
"1280",1982-07-09,6.17528211472032,NA
"1281",1982-07-10,6.26474908387405,NA
"1282",1982-07-11,6.69821571838876,NA
"1283",1982-07-12,6.9974984779477,NA
"1284",1982-07-13,6.96084309048743,NA
"1285",1982-07-14,6.81648484198554,NA
"1286",1982-07-15,7.09252750797002,NA
"1287",1982-07-16,6.82792406606465,NA
"1288",1982-07-17,6.41307726053992,NA
"1289",1982-07-18,5.90102442715061,NA
"1290",1982-07-19,5.32388322438288,NA
"1291",1982-07-20,4.76450157677382,NA
"1292",1982-07-21,4.37090338080591,NA
"1293",1982-07-22,4.08535278084215,NA
"1294",1982-07-23,4.547411312503,NA
"1295",1982-07-24,5.21381900227224,NA
"1296",1982-07-25,5.87048434477255,NA
"1297",1982-07-26,6.36369390182594,NA
"1298",1982-07-27,7.17702081085016,NA
"1299",1982-07-28,7.78667480874147,NA
"1300",1982-07-29,7.85924775554286,NA
"1301",1982-07-30,7.65459194771353,NA
"1302",1982-07-31,7.59825899234004,NA
"1303",1982-08-01,7.64789845371782,NA
"1304",1982-08-02,8.09224618811218,NA
"1305",1982-08-03,7.84090182562147,NA
"1306",1982-08-04,7.89357162499153,NA
"1307",1982-08-05,8.16732109387349,NA
"1308",1982-08-06,8.36162432498191,NA
"1309",1982-08-07,8.50914237448786,NA
"1310",1982-08-08,8.61765966719157,NA
"1311",1982-08-09,8.79811877887267,NA
"1312",1982-08-10,9.76273714467604,NA
"1313",1982-08-11,10.2201384672914,NA
"1314",1982-08-12,10.6455340632029,NA
"1315",1982-08-13,10.7825043002683,NA
"1316",1982-08-14,10.6589801188262,NA
"1317",1982-08-15,10.4967651038608,NA
"1318",1982-08-16,10.1020841743964,NA
"1319",1982-08-17,9.24354563440908,NA
"1320",1982-08-18,9.18409911458786,NA
"1321",1982-08-19,9.39886308219764,NA
"1322",1982-08-20,10.1424385285636,NA
"1323",1982-08-21,10.4811528112803,NA
"1324",1982-08-22,10.6080269498386,NA
"1325",1982-08-23,11.2817345928712,NA
"1326",1982-08-24,12.3258534812087,NA
"1327",1982-08-25,12.4961790599132,NA
"1328",1982-08-26,12.2522181027521,NA
"1329",1982-08-27,12.0366623486729,NA
"1330",1982-08-28,12.6930132638103,NA
"1331",1982-08-29,13.6160888542661,NA
"1332",1982-08-30,13.0202511708055,NA
"1333",1982-08-31,12.2342008359116,NA
"1334",1982-09-01,12.948020085319,NA
"1335",1982-09-02,13.4473974715478,NA
"1336",1982-09-03,12.639538987955,NA
"1337",1982-09-04,11.5690661553266,NA
"1338",1982-09-05,10.7869041854568,NA
"1339",1982-09-06,10.2011808366822,NA
"1340",1982-09-07,10.4666789188541,NA
"1341",1982-09-08,9.37465199915566,NA
"1342",1982-09-09,8.17225889075171,NA
"1343",1982-09-10,8.64918224076168,NA
"1344",1982-09-11,8.62150390384308,NA
"1345",1982-09-12,8.28531845721631,NA
"1346",1982-09-13,9.01616581920801,NA
"1347",1982-09-14,9.28574021432026,NA
"1348",1982-09-15,10.3478550823099,NA
"1349",1982-09-16,12.390041433245,NA
"1350",1982-09-17,12.9516299164789,NA
"1351",1982-09-18,12.9993093068384,NA
"1352",1982-09-19,12.8744202239831,NA
"1353",1982-09-20,12.6219004059974,NA
"1354",1982-09-21,12.4087652205095,NA
"1355",1982-09-22,11.9211758066256,NA
"1356",1982-09-23,10.97573103558,NA
"1357",1982-09-24,11.2876245251463,NA
"1358",1982-09-25,11.565625990829,NA
"1359",1982-09-26,11.8399208733347,NA
"1360",1982-09-27,12.2517576747715,NA
"1361",1982-09-28,11.9936552165464,NA
"1362",1982-09-29,11.0624658138502,NA
"1363",1982-09-30,10.5450012665146,NA
"1364",1982-10-01,9.74454794965286,NA
"1365",1982-10-02,10.3703083765731,NA
"1366",1982-10-03,11.0578088063885,NA
"1367",1982-10-04,10.6428227133786,NA
"1368",1982-10-05,10.9130555874032,NA
"1369",1982-10-06,12.4161521827964,NA
"1370",1982-10-07,13.3837195404724,NA
"1371",1982-10-08,13.4120002311166,NA
"1372",1982-10-09,12.6441465976307,NA
"1373",1982-10-10,12.0242679234299,NA
"1374",1982-10-11,13.1230185371845,NA
"1375",1982-10-12,13.9372423096444,NA
"1376",1982-10-13,13.7274345281508,NA
"1377",1982-10-14,12.871063208454,NA
"1378",1982-10-15,12.999159896228,NA
"1379",1982-10-16,12.8153704680901,NA
"1380",1982-10-17,12.7119260219942,NA
"1381",1982-10-18,12.4738060110122,NA
"1382",1982-10-19,11.5471616005078,NA
"1383",1982-10-20,10.8752913429819,NA
"1384",1982-10-21,10.789657309892,NA
"1385",1982-10-22,10.9062848828306,NA
"1386",1982-10-23,11.3535252180452,NA
"1387",1982-10-24,12.5300148222714,NA
"1388",1982-10-25,13.4328430651025,NA
"1389",1982-10-26,15.278980427341,NA
"1390",1982-10-27,15.8990776231849,NA
"1391",1982-10-28,16.7667903649307,NA
"1392",1982-10-29,17.7840244765022,NA
"1393",1982-10-30,17.8012660638643,NA
"1394",1982-10-31,17.0292462185666,NA
"1395",1982-11-01,15.8742719315059,NA
"1396",1982-11-02,14.9122019474292,NA
"1397",1982-11-03,15.7471629252247,NA
"1398",1982-11-04,16.8416861812122,NA
"1399",1982-11-05,17.6517411326603,NA
"1400",1982-11-06,19.3637907266698,NA
"1401",1982-11-07,19.9397579239806,NA
"1402",1982-11-08,20.3956917653301,NA
"1403",1982-11-09,20.4955039215576,NA
"1404",1982-11-10,19.6304924145751,NA
"1405",1982-11-11,18.6997823573913,NA
"1406",1982-11-12,17.9718602602832,NA
"1407",1982-11-13,17.7224834735709,NA
"1408",1982-11-14,18.8050132890649,NA
"1409",1982-11-15,19.5097946588791,NA
"1410",1982-11-16,19.2540481843192,NA
"1411",1982-11-17,19.4007659193292,NA
"1412",1982-11-18,19.0189056242034,NA
"1413",1982-11-19,18.5862801416123,NA
"1414",1982-11-20,17.8540122327796,NA
"1415",1982-11-21,16.939316978928,NA
"1416",1982-11-22,17.1370184674872,NA
"1417",1982-11-23,18.7015985501023,NA
"1418",1982-11-24,20.3884094132029,NA
"1419",1982-11-25,20.7768063739158,NA
"1420",1982-11-26,20.8262436618071,NA
"1421",1982-11-27,20.5116475516536,NA
"1422",1982-11-28,20.5039721872507,NA
"1423",1982-11-29,20.4850456335472,NA
"1424",1982-11-30,20.0942580479472,NA
"1425",1982-12-01,18.3528219675176,NA
"1426",1982-12-02,18.3001317525404,NA
"1427",1982-12-03,18.2017751519404,NA
"1428",1982-12-04,18.3174991916539,NA
"1429",1982-12-05,18.0030390733241,NA
"1430",1982-12-06,17.2158350451738,NA
"1431",1982-12-07,15.6759183861716,NA
"1432",1982-12-08,15.7933678461507,NA
"1433",1982-12-09,15.5178725359012,NA
"1434",1982-12-10,15.3203651235292,NA
"1435",1982-12-11,15.7302163716235,NA
"1436",1982-12-12,16.8861904740375,NA
"1437",1982-12-13,17.6111636852533,NA
"1438",1982-12-14,19.2214449381519,NA
"1439",1982-12-15,19.9160846151538,NA
"1440",1982-12-16,20.6928857411204,NA
"1441",1982-12-17,21.0044953807389,NA
"1442",1982-12-18,20.7758021190326,NA
"1443",1982-12-19,19.9621138261248,NA
"1444",1982-12-20,19.0261596609509,NA
"1445",1982-12-21,17.9702806360796,NA
"1446",1982-12-22,18.4733581191354,NA
"1447",1982-12-23,18.8282712797114,NA
"1448",1982-12-24,18.6199671391749,NA
"1449",1982-12-25,18.7384103842343,NA
"1450",1982-12-26,19.3469120243933,NA
"1451",1982-12-27,20.1398400949431,NA
"1452",1982-12-28,20.6525011047082,NA
"1453",1982-12-29,20.6705520308887,NA
"1454",1982-12-30,20.2547306219635,NA
"1455",1982-12-31,21.0352350405379,NA
"1456",1983-01-01,21.2894192466753,NA
"1457",1983-01-02,20.6976053852209,NA
"1458",1983-01-03,20.2205755432431,NA
"1459",1983-01-04,19.8944791546148,NA
"1460",1983-01-05,18.8781085813579,NA
"1461",1983-01-06,18.5538967646303,NA
"1462",1983-01-07,18.4816665353902,NA
"1463",1983-01-08,19.1344388753061,NA
"1464",1983-01-09,19.4875716350974,NA
"1465",1983-01-10,19.1182187034685,NA
"1466",1983-01-11,18.254998885878,NA
"1467",1983-01-12,17.9136054941857,NA
"1468",1983-01-13,17.4633693530661,NA
"1469",1983-01-14,16.107186670882,NA
"1470",1983-01-15,14.781481302878,NA
"1471",1983-01-16,14.5120684716143,NA
"1472",1983-01-17,14.8223982636798,NA
"1473",1983-01-18,15.2128765643577,NA
"1474",1983-01-19,15.8109750864881,NA
"1475",1983-01-20,17.1195912836551,NA
"1476",1983-01-21,18.0913325676837,NA
"1477",1983-01-22,19.4785552790395,NA
"1478",1983-01-23,19.4991309557686,NA
"1479",1983-01-24,19.5258178345035,NA
"1480",1983-01-25,20.6382706476541,NA
"1481",1983-01-26,20.47736911007,NA
"1482",1983-01-27,19.8778324517739,NA
"1483",1983-01-28,19.7686366813791,NA
"1484",1983-01-29,19.314181323555,NA
"1485",1983-01-30,20.2228953383709,NA
"1486",1983-01-31,21.5217535669136,NA
"1487",1983-02-01,21.6197494945865,NA
"1488",1983-02-02,21.8349473779686,NA
"1489",1983-02-03,21.980871398997,NA
"1490",1983-02-04,21.8802033964436,NA
"1491",1983-02-05,21.89388539594,NA
"1492",1983-02-06,22.16381238488,NA
"1493",1983-02-07,22.1125036237421,NA
"1494",1983-02-08,22.1359381711574,NA
"1495",1983-02-09,22.4237136358338,NA
"1496",1983-02-10,22.5988558082991,NA
"1497",1983-02-11,22.5468295771366,NA
"1498",1983-02-12,22.2733007323161,NA
"1499",1983-02-13,21.7590969990911,NA
"1500",1983-02-14,21.4591879421543,NA
"1501",1983-02-15,21.5384180118868,NA
"1502",1983-02-16,22.0131607883316,NA
"1503",1983-02-17,21.4851047731275,NA
"1504",1983-02-18,21.3401981298517,NA
"1505",1983-02-19,21.3601051679996,NA
"1506",1983-02-20,21.4768946470764,NA
"1507",1983-02-21,21.3636645449707,NA
"1508",1983-02-22,20.8426495762376,NA
"1509",1983-02-23,19.6285396817399,NA
"1510",1983-02-24,20.3664881532108,NA
"1511",1983-02-25,21.2765756294154,NA
"1512",1983-02-26,21.9721278650884,NA
"1513",1983-02-27,22.122831338631,NA
"1514",1983-02-28,22.1487197565003,NA
"1515",1983-03-01,22.503851990194,NA
"1516",1983-03-02,22.8066637749064,NA
"1517",1983-03-03,22.9650968934766,NA
"1518",1983-03-04,22.9621978798191,NA
"1519",1983-03-05,22.7905662340007,NA
"1520",1983-03-06,22.9686802012037,NA
"1521",1983-03-07,23.064298177477,NA
"1522",1983-03-08,23.0441265287005,NA
"1523",1983-03-09,22.7887413226184,NA
"1524",1983-03-10,22.4642923225073,NA
"1525",1983-03-11,22.3983917689786,NA
"1526",1983-03-12,22.3718492126001,NA
"1527",1983-03-13,21.6119756233634,NA
"1528",1983-03-14,20.5627629851543,NA
"1529",1983-03-15,19.3258769894285,NA
"1530",1983-03-16,19.4321168030447,NA
"1531",1983-03-17,19.3883045172838,NA
"1532",1983-03-18,19.003096021832,NA
"1533",1983-03-19,18.4602554156445,NA
"1534",1983-03-20,18.7920072272147,NA
"1535",1983-03-21,19.0276752016065,NA
"1536",1983-03-22,18.9994544858011,NA
"1537",1983-03-23,18.5729260076424,NA
"1538",1983-03-24,17.7287785665964,NA
"1539",1983-03-25,16.5614563644,NA
"1540",1983-03-26,16.0086844167374,NA
"1541",1983-03-27,15.068927230724,NA
"1542",1983-03-28,14.4489605224636,NA
"1543",1983-03-29,14.753988973008,NA
"1544",1983-03-30,14.928118088258,NA
"1545",1983-03-31,15.2460548240615,NA
"1546",1983-04-01,15.1956080224172,NA
"1547",1983-04-02,14.8355806031613,NA
"1548",1983-04-03,14.8691426143238,NA
"1549",1983-04-04,14.4945779953772,NA
"1550",1983-04-05,13.1081940837054,NA
"1551",1983-04-06,12.0364196601723,NA
"1552",1983-04-07,11.2046579387404,NA
"1553",1983-04-08,11.1940261442781,NA
"1554",1983-04-09,11.8452192010617,NA
"1555",1983-04-10,12.3453009218057,NA
"1556",1983-04-11,12.8117223045988,NA
"1557",1983-04-12,13.4104226899603,NA
"1558",1983-04-13,13.9300045817559,NA
"1559",1983-04-14,14.0524477544882,NA
"1560",1983-04-15,13.4904589848127,NA
"1561",1983-04-16,12.6142557686018,NA
"1562",1983-04-17,11.5972685771973,NA
"1563",1983-04-18,11.0436222013514,NA
"1564",1983-04-19,11.2332168245947,NA
"1565",1983-04-20,11.7811103498858,NA
"1566",1983-04-21,12.8322920141696,NA
"1567",1983-04-22,14.2141980149394,NA
"1568",1983-04-23,15.0897039868377,NA
"1569",1983-04-24,15.4693120329923,NA
"1570",1983-04-25,15.7673767434371,NA
"1571",1983-04-26,15.7784493967526,NA
"1572",1983-04-27,15.4086870859512,NA
"1573",1983-04-28,14.8703408194941,NA
"1574",1983-04-29,14.1135239305484,NA
"1575",1983-04-30,13.7720086154937,NA
"1576",1983-05-01,14.0094520782069,NA
"1577",1983-05-02,14.2343045909996,NA
"1578",1983-05-03,14.3756846267376,NA
"1579",1983-05-04,14.4599345639545,NA
"1580",1983-05-05,14.3429728403468,NA
"1581",1983-05-06,14.381769843231,NA
"1582",1983-05-07,14.3928842988157,NA
"1583",1983-05-08,14.1042292926298,NA
"1584",1983-05-09,13.9375332041339,NA
"1585",1983-05-10,13.8265750919467,NA
"1586",1983-05-11,13.454012337777,NA
"1587",1983-05-12,13.442494854412,NA
"1588",1983-05-13,13.7008390778282,NA
"1589",1983-05-14,13.6355450902482,NA
"1590",1983-05-15,13.1147464000054,NA
"1591",1983-05-16,12.2803786920766,NA
"1592",1983-05-17,11.586658846581,NA
"1593",1983-05-18,11.5403660062369,NA
"1594",1983-05-19,11.2580551068393,NA
"1595",1983-05-20,10.6297060838915,NA
"1596",1983-05-21,10.0672220070409,NA
"1597",1983-05-22,10.7083027403085,NA
"1598",1983-05-23,11.4072321087452,NA
"1599",1983-05-24,11.8741131747657,NA
"1600",1983-05-25,11.9432467468325,NA
"1601",1983-05-26,12.1188329897161,NA
"1602",1983-05-27,12.3121691580905,NA
"1603",1983-05-28,12.3783141200436,NA
"1604",1983-05-29,11.4823181733958,NA
"1605",1983-05-30,11.1517592934593,NA
"1606",1983-05-31,10.9026694991211,NA
"1607",1983-06-01,10.8458616610672,NA
"1608",1983-06-02,10.3996815993696,NA
"1609",1983-06-03,9.90426535080321,NA
"1610",1983-06-04,9.65250883589235,NA
"1611",1983-06-05,10.0028485006257,NA
"1612",1983-06-06,10.0197841917668,NA
"1613",1983-06-07,9.46252424977174,NA
"1614",1983-06-08,8.9231775101599,NA
"1615",1983-06-09,8.84344018415352,NA
"1616",1983-06-10,8.35068279459439,NA
"1617",1983-06-11,8.39432581344874,NA
"1618",1983-06-12,8.17871550955131,NA
"1619",1983-06-13,7.82185637946193,NA
"1620",1983-06-14,8.20112039664687,NA
"1621",1983-06-15,8.37640858323554,NA
"1622",1983-06-16,8.0746392606739,NA
"1623",1983-06-17,8.0382622564861,NA
"1624",1983-06-18,8.01523023558213,NA
"1625",1983-06-19,8.34907452529806,NA
"1626",1983-06-20,8.90552299919913,NA
"1627",1983-06-21,9.13539891504413,NA
"1628",1983-06-22,9.21754706248726,NA
"1629",1983-06-23,9.79021565863753,NA
"1630",1983-06-24,10.339116235756,NA
"1631",1983-06-25,9.55853390439444,NA
"1632",1983-06-26,8.37465699153977,NA
"1633",1983-06-27,7.46122713785888,NA
"1634",1983-06-28,6.81726846653352,NA
"1635",1983-06-29,6.66673978335812,NA
"1636",1983-06-30,6.47093023510961,NA
"1637",1983-07-01,6.55900617876036,NA
"1638",1983-07-02,7.48852840781127,NA
"1639",1983-07-03,8.31446030239596,NA
"1640",1983-07-04,8.6808826889615,NA
"1641",1983-07-05,8.91156908226688,NA
"1642",1983-07-06,8.94210225949275,NA
"1643",1983-07-07,8.56019277969193,NA
"1644",1983-07-08,8.03896423950522,NA
"1645",1983-07-09,7.20971505132662,NA
"1646",1983-07-10,6.47739660781083,NA
"1647",1983-07-11,6.20920397946593,NA
"1648",1983-07-12,5.85514723905789,NA
"1649",1983-07-13,5.87469462925471,NA
"1650",1983-07-14,6.06993674074952,NA
"1651",1983-07-15,6.34918549277307,NA
"1652",1983-07-16,6.70566783771971,NA
"1653",1983-07-17,7.34298639004822,NA
"1654",1983-07-18,7.48691725452022,NA
"1655",1983-07-19,7.20772476348502,NA
"1656",1983-07-20,6.56793470508841,NA
"1657",1983-07-21,6.55549512416607,NA
"1658",1983-07-22,6.46914837865846,NA
"1659",1983-07-23,6.07856750622976,NA
"1660",1983-07-24,5.61881872850971,NA
"1661",1983-07-25,5.87682791341653,NA
"1662",1983-07-26,6.87283681186713,NA
"1663",1983-07-27,7.6849727163471,NA
"1664",1983-07-28,7.88874711379293,NA
"1665",1983-07-29,8.17073671450832,NA
"1666",1983-07-30,8.94554725524802,NA
"1667",1983-07-31,9.49803597162497,NA
"1668",1983-08-01,9.45690577775433,NA
"1669",1983-08-02,9.07544830517677,NA
"1670",1983-08-03,8.73973539488328,NA
"1671",1983-08-04,8.45217353559205,NA
"1672",1983-08-05,8.10741916053867,NA
"1673",1983-08-06,8.04654860426717,NA
"1674",1983-08-07,8.13046486297631,NA
"1675",1983-08-08,8.14711976159462,NA
"1676",1983-08-09,8.45705469038757,NA
"1677",1983-08-10,9.05758281648588,NA
"1678",1983-08-11,9.41489243052775,NA
"1679",1983-08-12,9.85090147734524,NA
"1680",1983-08-13,10.3523188187706,NA
"1681",1983-08-14,11.0895124660475,NA
"1682",1983-08-15,11.8719889396122,NA
"1683",1983-08-16,12.0820419711231,NA
"1684",1983-08-17,11.5901708807958,NA
"1685",1983-08-18,11.0134860763808,NA
"1686",1983-08-19,10.6099736685324,NA
"1687",1983-08-20,10.1496825619871,NA
"1688",1983-08-21,9.59061600259698,NA
"1689",1983-08-22,8.96246380490835,NA
"1690",1983-08-23,9.02041581468802,NA
"1691",1983-08-24,9.8880805200475,NA
"1692",1983-08-25,10.5665047437426,NA
"1693",1983-08-26,10.8867419787099,NA
"1694",1983-08-27,10.7339242856377,NA
"1695",1983-08-28,10.433285052656,NA
"1696",1983-08-29,10.541318047428,NA
"1697",1983-08-30,10.2584979543585,NA
"1698",1983-08-31,10.0673478009518,NA
"1699",1983-09-01,10.2276710633497,NA
"1700",1983-09-02,10.636703219047,NA
"1701",1983-09-03,10.6108466445285,NA
"1702",1983-09-04,10.9218012087514,NA
"1703",1983-09-05,10.90292589912,NA
"1704",1983-09-06,11.153027805402,NA
"1705",1983-09-07,11.1638421622059,NA
"1706",1983-09-08,11.1306209841099,NA
"1707",1983-09-09,10.8850702326898,NA
"1708",1983-09-10,11.1054192434199,NA
"1709",1983-09-11,10.3840595420131,NA
"1710",1983-09-12,10.0707826791385,NA
"1711",1983-09-13,9.33910096499193,NA
"1712",1983-09-14,8.59917744928208,NA
"1713",1983-09-15,8.29118573362815,NA
"1714",1983-09-16,8.51334008811237,NA
"1715",1983-09-17,8.55447390201783,NA
"1716",1983-09-18,9.62815414804689,NA
"1717",1983-09-19,10.4908701455203,NA
"1718",1983-09-20,10.8903920004668,NA
"1719",1983-09-21,11.260744002974,NA
"1720",1983-09-22,12.0237571004583,NA
"1721",1983-09-23,11.9355510006999,NA
"1722",1983-09-24,11.7041281867829,NA
"1723",1983-09-25,10.9934945126977,NA
"1724",1983-09-26,10.7542668726882,NA
"1725",1983-09-27,11.9030170194451,NA
"1726",1983-09-28,12.5811136293249,NA
"1727",1983-09-29,12.3511970545338,NA
"1728",1983-09-30,12.5848094601074,NA
"1729",1983-10-01,13.6814373036977,NA
"1730",1983-10-02,13.8371899585984,NA
"1731",1983-10-03,13.2959912205626,NA
"1732",1983-10-04,12.274320306635,NA
"1733",1983-10-05,11.6162757635224,NA
"1734",1983-10-06,11.0903256559765,NA
"1735",1983-10-07,10.4771233564997,NA
"1736",1983-10-08,9.83748082035854,NA
"1737",1983-10-09,10.4171841469143,NA
"1738",1983-10-10,10.9870472637454,NA
"1739",1983-10-11,11.8187475840106,NA
"1740",1983-10-12,12.6308501551707,NA
"1741",1983-10-13,13.8380849706035,NA
"1742",1983-10-14,15.0096326410859,NA
"1743",1983-10-15,15.1110921642945,NA
"1744",1983-10-16,14.9696655213154,NA
"1745",1983-10-17,14.9326182861299,NA
"1746",1983-10-18,14.7642079741281,NA
"1747",1983-10-19,13.978357651483,NA
"1748",1983-10-20,13.1126812769218,NA
"1749",1983-10-21,12.373618881481,NA
"1750",1983-10-22,12.7609542541578,NA
"1751",1983-10-23,13.1788958693964,NA
"1752",1983-10-24,13.8118329590719,NA
"1753",1983-10-25,13.9830232029469,NA
"1754",1983-10-26,15.2930525927687,NA
"1755",1983-10-27,15.8677455817819,NA
"1756",1983-10-28,15.4350817860323,NA
"1757",1983-10-29,14.9749560558648,NA
"1758",1983-10-30,14.6014629968338,NA
"1759",1983-10-31,14.117688851708,NA
"1760",1983-11-01,14.0256465717883,NA
"1761",1983-11-02,13.7061077911802,NA
"1762",1983-11-03,13.3080937482828,NA
"1763",1983-11-04,13.5016141501674,NA
"1764",1983-11-05,13.6572783832084,NA
"1765",1983-11-06,14.6232590768044,NA
"1766",1983-11-07,15.5532044653473,NA
"1767",1983-11-08,15.4239379876265,NA
"1768",1983-11-09,14.7426814299774,NA
"1769",1983-11-10,14.3960562462776,NA
"1770",1983-11-11,15.0400649519468,NA
"1771",1983-11-12,15.522704655666,NA
"1772",1983-11-13,15.5640640496412,NA
"1773",1983-11-14,15.513946769032,NA
"1774",1983-11-15,15.0705807869974,NA
"1775",1983-11-16,14.3062639040922,NA
"1776",1983-11-17,14.208069646817,NA
"1777",1983-11-18,13.586869242773,NA
"1778",1983-11-19,13.1899360236848,NA
"1779",1983-11-20,12.4897088245966,NA
"1780",1983-11-21,12.4432375205791,NA
"1781",1983-11-22,13.5864084145429,NA
"1782",1983-11-23,15.4244146605269,NA
"1783",1983-11-24,16.7000054198719,NA
"1784",1983-11-25,17.388499943553,NA
"1785",1983-11-26,17.9370476857952,NA
"1786",1983-11-27,18.500838268878,NA
"1787",1983-11-28,18.6109965371534,NA
"1788",1983-11-29,18.8937387485504,NA
"1789",1983-11-30,18.2681524305789,NA
"1790",1983-12-01,17.6577356480614,NA
"1791",1983-12-02,17.7789432206845,NA
"1792",1983-12-03,17.3307967460854,NA
"1793",1983-12-04,16.8490862327931,NA
"1794",1983-12-05,16.9483084484293,NA
"1795",1983-12-06,15.9535719984468,NA
"1796",1983-12-07,15.8289643162062,NA
"1797",1983-12-08,15.8082427138453,NA
"1798",1983-12-09,15.6271537792594,NA
"1799",1983-12-10,16.0164286156057,NA
"1800",1983-12-11,16.8075895541948,NA
"1801",1983-12-12,16.5966066773448,NA
"1802",1983-12-13,16.9187024035008,NA
"1803",1983-12-14,17.9191824714925,NA
"1804",1983-12-15,18.2837202200144,NA
"1805",1983-12-16,18.4509874643943,NA
"1806",1983-12-17,18.5547309524889,NA
"1807",1983-12-18,18.4885631501976,NA
"1808",1983-12-19,19.3572624427912,NA
"1809",1983-12-20,20.6244903132817,NA
"1810",1983-12-21,20.3205083803131,NA
"1811",1983-12-22,20.5639067081208,NA
"1812",1983-12-23,20.8123957803971,NA
"1813",1983-12-24,21.4011472092033,NA
"1814",1983-12-25,21.3310747136455,NA
"1815",1983-12-26,20.2543671924945,NA
"1816",1983-12-27,18.9468599717486,NA
"1817",1983-12-28,19.4841917808465,NA
"1818",1983-12-29,19.9973589510397,NA
"1819",1983-12-30,20.4803863449719,NA
"1820",1983-12-31,20.1551706654719,NA
"1821",1984-01-01,20.1894837639962,NA
"1822",1984-01-02,20.7831790811935,NA
"1823",1984-01-03,20.7960733435618,NA
"1824",1984-01-04,20.218289052745,NA
"1825",1984-01-05,20.1591673730512,NA
"1826",1984-01-06,19.7306262523267,NA
"1827",1984-01-07,19.3623114620961,NA
"1828",1984-01-08,19.2561699885336,NA
"1829",1984-01-09,18.9639633218718,NA
"1830",1984-01-10,19.0199273059877,NA
"1831",1984-01-11,19.413360989937,NA
"1832",1984-01-12,19.1164302244914,NA
"1833",1984-01-13,19.5677446411819,NA
"1834",1984-01-14,20.0466543511808,NA
"1835",1984-01-15,20.0975542071568,NA
"1836",1984-01-16,19.8808621624291,NA
"1837",1984-01-17,19.5900039179311,NA
"1838",1984-01-18,19.0479891154106,NA
"1839",1984-01-19,18.6559712716084,NA
"1840",1984-01-20,17.9074891926155,NA
"1841",1984-01-21,17.0549549357045,NA
"1842",1984-01-22,16.4629058940646,NA
"1843",1984-01-23,17.1568995025197,NA
"1844",1984-01-24,18.2453938875654,NA
"1845",1984-01-25,18.6770544107032,NA
"1846",1984-01-26,18.2912099395613,NA
"1847",1984-01-27,17.8876370895208,NA
"1848",1984-01-28,18.3227049699026,NA
"1849",1984-01-29,18.7358574649234,NA
"1850",1984-01-30,17.9622065683372,NA
"1851",1984-01-31,17.0475327034718,NA
"1852",1984-02-01,16.6482240835982,NA
"1853",1984-02-02,17.4373941987644,NA
"1854",1984-02-03,18.4453252685855,NA
"1855",1984-02-04,18.6589342033406,NA
"1856",1984-02-05,19.2128278706496,NA
"1857",1984-02-06,20.2561348659293,NA
"1858",1984-02-07,20.3718647282296,NA
"1859",1984-02-08,20.5227788621155,NA
"1860",1984-02-09,20.040900801269,NA
"1861",1984-02-10,19.3249613244774,NA
"1862",1984-02-11,19.4716730525422,NA
"1863",1984-02-12,19.1738173805758,NA
"1864",1984-02-13,18.2300462009439,NA
"1865",1984-02-14,18.6922714762096,NA
"1866",1984-02-15,19.4901661977936,NA
"1867",1984-02-16,19.8843071648881,NA
"1868",1984-02-17,20.1565903521637,NA
"1869",1984-02-18,20.081420577215,NA
"1870",1984-02-19,20.5629382634311,NA
"1871",1984-02-20,21.2391129525016,NA
"1872",1984-02-21,20.8954617241467,NA
"1873",1984-02-22,20.8018793421329,NA
"1874",1984-02-23,20.6777027555185,NA
"1875",1984-02-24,20.3384347073658,NA
"1876",1984-02-25,19.9212806871393,NA
"1877",1984-02-26,20.0633828079437,NA
"1878",1984-02-27,19.4927935128817,NA
"1879",1984-02-28,19.0903602310828,NA
"1880",1984-02-29,18.0515626730614,NA
"1881",1984-03-01,17.4728180046434,NA
"1882",1984-03-02,17.2065528994144,NA
"1883",1984-03-03,16.8550410206288,NA
"1884",1984-03-04,15.6722386793159,NA
"1885",1984-03-05,16.173598238481,NA
"1886",1984-03-06,17.7427016062157,NA
"1887",1984-03-07,17.9994441110693,NA
"1888",1984-03-08,18.0204584051912,NA
"1889",1984-03-09,18.3942288459792,NA
"1890",1984-03-10,18.9933660686966,NA
"1891",1984-03-11,18.7796751764928,NA
"1892",1984-03-12,18.5533715458262,NA
"1893",1984-03-13,17.2423070863536,NA
"1894",1984-03-14,16.9101791847316,NA
"1895",1984-03-15,17.0425703078655,NA
"1896",1984-03-16,17.0289389183187,NA
"1897",1984-03-17,16.9790754502881,NA
"1898",1984-03-18,17.2887535399866,NA
"1899",1984-03-19,16.6334248201471,NA
"1900",1984-03-20,16.8265328205354,NA
"1901",1984-03-21,17.199943127664,NA
"1902",1984-03-22,17.9863339622766,NA
"1903",1984-03-23,18.4805790002167,NA
"1904",1984-03-24,18.4050890600982,NA
"1905",1984-03-25,17.666693724661,NA
"1906",1984-03-26,17.1339984017391,NA
"1907",1984-03-27,16.3633168544268,NA
"1908",1984-03-28,15.9583988755471,NA
"1909",1984-03-29,15.196139400227,NA
"1910",1984-03-30,14.7914722129471,NA
"1911",1984-03-31,13.9650065920674,NA
"1912",1984-04-01,14.0801134899334,NA
"1913",1984-04-02,14.7854426885527,NA
"1914",1984-04-03,15.2110369418838,NA
"1915",1984-04-04,14.9277705411338,NA
"1916",1984-04-05,14.7796576195984,NA
"1917",1984-04-06,14.5093818652572,NA
"1918",1984-04-07,14.4833626849675,NA
"1919",1984-04-08,14.5287430790142,NA
"1920",1984-04-09,14.1440184105617,NA
"1921",1984-04-10,14.6403530059535,NA
"1922",1984-04-11,15.3767886498582,NA
"1923",1984-04-12,15.661528243964,NA
"1924",1984-04-13,15.9104447340907,NA
"1925",1984-04-14,16.5985104313272,NA
"1926",1984-04-15,17.0053618086529,NA
"1927",1984-04-16,16.8933258342702,NA
"1928",1984-04-17,16.6847246594559,NA
"1929",1984-04-18,16.0556636668891,NA
"1930",1984-04-19,15.6441565477691,NA
"1931",1984-04-20,14.9490414841554,NA
"1932",1984-04-21,14.1039816461741,NA
"1933",1984-04-22,13.7706738835992,NA
"1934",1984-04-23,13.5255082080116,NA
"1935",1984-04-24,13.08015444117,NA
"1936",1984-04-25,13.10641341487,NA
"1937",1984-04-26,12.8531303634544,NA
"1938",1984-04-27,12.8350971267107,NA
"1939",1984-04-28,12.82086150773,NA
"1940",1984-04-29,12.3526615882569,NA
"1941",1984-04-30,12.6646876944699,NA
"1942",1984-05-01,13.1443876568725,NA
"1943",1984-05-02,13.5451369440355,NA
"1944",1984-05-03,13.7954592139533,NA
"1945",1984-05-04,13.1323211321666,NA
"1946",1984-05-05,12.3354668147171,NA
"1947",1984-05-06,11.8711413989126,NA
"1948",1984-05-07,11.2629277152013,NA
"1949",1984-05-08,10.3116458545709,NA
"1950",1984-05-09,9.54480805977896,NA
"1951",1984-05-10,9.42141477042899,NA
"1952",1984-05-11,9.83273156497691,NA
"1953",1984-05-12,10.0503276767598,NA
"1954",1984-05-13,10.0900909307925,NA
"1955",1984-05-14,10.2306972627914,NA
"1956",1984-05-15,10.2884349045331,NA
"1957",1984-05-16,10.2185007147709,NA
"1958",1984-05-17,10.0111051277167,NA
"1959",1984-05-18,10.3561803161297,NA
"1960",1984-05-19,11.014283636368,NA
"1961",1984-05-20,11.6767490430665,NA
"1962",1984-05-21,12.2109261218925,NA
"1963",1984-05-22,12.5240094293427,NA
"1964",1984-05-23,12.6804014360523,NA
"1965",1984-05-24,12.3561338074651,NA
"1966",1984-05-25,11.7327451814483,NA
"1967",1984-05-26,11.3832243423274,NA
"1968",1984-05-27,11.0449409280665,NA
"1969",1984-05-28,10.5048414632613,NA
"1970",1984-05-29,10.4999986393932,NA
"1971",1984-05-30,10.8381962371704,NA
"1972",1984-05-31,11.3434973428168,NA
"1973",1984-06-01,11.3535271017374,NA
"1974",1984-06-02,11.4024141568802,NA
"1975",1984-06-03,11.5817744952031,NA
"1976",1984-06-04,11.7497324447327,NA
"1977",1984-06-05,11.8043577007369,NA
"1978",1984-06-06,11.6006775129441,NA
"1979",1984-06-07,11.7075183634762,NA
"1980",1984-06-08,11.7795471398353,NA
"1981",1984-06-09,11.1250417405443,NA
"1982",1984-06-10,10.469916968464,NA
"1983",1984-06-11,9.98548724042607,NA
"1984",1984-06-12,9.30301557601497,NA
"1985",1984-06-13,8.71489693634581,NA
"1986",1984-06-14,8.19437307264051,NA
"1987",1984-06-15,8.51243943111559,NA
"1988",1984-06-16,8.72920062289376,NA
"1989",1984-06-17,8.79694248171433,NA
"1990",1984-06-18,8.90261196690327,NA
"1991",1984-06-19,8.97051169863822,NA
"1992",1984-06-20,8.73865875633878,NA
"1993",1984-06-21,8.20447450816561,NA
"1994",1984-06-22,7.50140408727352,NA
"1995",1984-06-23,7.71503558509981,NA
"1996",1984-06-24,7.83955415795637,NA
"1997",1984-06-25,7.77789379081253,NA
"1998",1984-06-26,7.90745335451882,NA
"1999",1984-06-27,8.18090586268478,NA
"2000",1984-06-28,8.60423189545878,NA
"2001",1984-06-29,8.85169326127284,NA
"2002",1984-06-30,8.84702243389541,NA
"2003",1984-07-01,8.70020628820855,NA
"2004",1984-07-02,8.01667954717397,NA
"2005",1984-07-03,7.45602198952694,NA
"2006",1984-07-04,7.28878595010916,NA
"2007",1984-07-05,6.77275933633996,NA
"2008",1984-07-06,6.42843383511486,NA
"2009",1984-07-07,6.00508587600539,NA
"2010",1984-07-08,6.09026729385246,NA
"2011",1984-07-09,6.52147399268826,NA
"2012",1984-07-10,7.00506269943939,NA
"2013",1984-07-11,7.2761106179462,NA
"2014",1984-07-12,7.73304252955646,NA
"2015",1984-07-13,7.60734721270894,NA
"2016",1984-07-14,7.17399186536572,NA
"2017",1984-07-15,6.94562808207039,NA
"2018",1984-07-16,6.91810177364879,NA
"2019",1984-07-17,6.71542390350859,NA
"2020",1984-07-18,6.65020124016939,NA
"2021",1984-07-19,6.2088463721624,NA
"2022",1984-07-20,6.48153772629368,NA
"2023",1984-07-21,6.95302933282238,NA
"2024",1984-07-22,7.019228762206,NA
"2025",1984-07-23,7.3011045462971,NA
"2026",1984-07-24,7.64702583319669,NA
"2027",1984-07-25,7.57867882945215,NA
"2028",1984-07-26,7.84344272847981,NA
"2029",1984-07-27,8.10519832158821,NA
"2030",1984-07-28,8.41368367807167,NA
"2031",1984-07-29,8.47950902511755,NA
"2032",1984-07-30,8.66135077957162,NA
"2033",1984-07-31,8.99797542514636,NA
"2034",1984-08-01,9.50240865874266,NA
"2035",1984-08-02,10.0157549952874,NA
"2036",1984-08-03,10.2309932244842,NA
"2037",1984-08-04,10.8120810538963,NA
"2038",1984-08-05,11.1474421350584,NA
"2039",1984-08-06,11.2686070660149,NA
"2040",1984-08-07,11.2202165945829,NA
"2041",1984-08-08,11.2182017703717,NA
"2042",1984-08-09,11.0328728655445,NA
"2043",1984-08-10,10.4752644750308,NA
"2044",1984-08-11,9.9213788814454,NA
"2045",1984-08-12,9.70597289198042,NA
"2046",1984-08-13,9.44406888537659,NA
"2047",1984-08-14,9.14832847900163,NA
"2048",1984-08-15,8.60868449576891,NA
"2049",1984-08-16,8.24373313821677,NA
"2050",1984-08-17,8.45990163393089,NA
"2051",1984-08-18,8.17597396351415,NA
"2052",1984-08-19,8.16541487191712,NA
"2053",1984-08-20,8.16053605405725,NA
"2054",1984-08-21,8.16724264732994,NA
"2055",1984-08-22,8.27659072767429,NA
"2056",1984-08-23,8.67981804844201,NA
"2057",1984-08-24,8.61684919717338,NA
"2058",1984-08-25,8.88859268757865,NA
"2059",1984-08-26,8.90271351061018,NA
"2060",1984-08-27,8.55713425435796,NA
"2061",1984-08-28,8.44367275930645,NA
"2062",1984-08-29,8.42377296924566,NA
"2063",1984-08-30,8.52664827817664,NA
"2064",1984-08-31,9.0931849210897,NA
"2065",1984-09-01,9.4498817114957,NA
"2066",1984-09-02,9.86541840936204,NA
"2067",1984-09-03,10.4839507770945,NA
"2068",1984-09-04,10.5823539591747,NA
"2069",1984-09-05,10.6356415073948,NA
"2070",1984-09-06,10.912262709027,NA
"2071",1984-09-07,11.0157483035048,NA
"2072",1984-09-08,10.9511499307374,NA
"2073",1984-09-09,10.988660404665,NA
"2074",1984-09-10,11.4006955702052,NA
"2075",1984-09-11,10.9249249588778,NA
"2076",1984-09-12,10.8773882888773,NA
"2077",1984-09-13,10.4902341446855,NA
"2078",1984-09-14,10.3391353510698,NA
"2079",1984-09-15,10.572253118232,NA
"2080",1984-09-16,10.4188544881074,NA
"2081",1984-09-17,9.87680886963816,NA
"2082",1984-09-18,10.3554010009102,NA
"2083",1984-09-19,11.0025518836566,NA
"2084",1984-09-20,11.1567641307517,NA
"2085",1984-09-21,10.4551770009134,NA
"2086",1984-09-22,9.83982116280072,NA
"2087",1984-09-23,9.37128285176187,NA
"2088",1984-09-24,9.17577568769101,NA
"2089",1984-09-25,9.09384462683855,NA
"2090",1984-09-26,8.77983048340047,NA
"2091",1984-09-27,8.59990899057214,NA
"2092",1984-09-28,8.59355659423663,NA
"2093",1984-09-29,8.42699848787718,NA
"2094",1984-09-30,8.53638365905112,NA
"2095",1984-10-01,9.31118919071285,NA
"2096",1984-10-02,10.6794917242165,NA
"2097",1984-10-03,11.0930471650065,NA
"2098",1984-10-04,11.4644437145222,NA
"2099",1984-10-05,12.2993132184348,NA
"2100",1984-10-06,13.2659215465591,NA
"2101",1984-10-07,14.5442067247853,NA
"2102",1984-10-08,15.4533298834961,NA
"2103",1984-10-09,15.2418201773682,NA
"2104",1984-10-10,14.9367871112863,NA
"2105",1984-10-11,15.1198436087888,NA
"2106",1984-10-12,15.9941448876927,NA
"2107",1984-10-13,16.0516524954341,NA
"2108",1984-10-14,15.5833229133869,NA
"2109",1984-10-15,14.4701505939895,NA
"2110",1984-10-16,12.9499279076588,NA
"2111",1984-10-17,12.5097156834184,NA
"2112",1984-10-18,12.0771840375324,NA
"2113",1984-10-19,11.0334197612297,NA
"2114",1984-10-20,10.5125917703872,NA
"2115",1984-10-21,9.98156020258974,NA
"2116",1984-10-22,10.3422068246168,NA
"2117",1984-10-23,12.4710507270125,NA
"2118",1984-10-24,13.8482334177103,NA
"2119",1984-10-25,14.2874339596333,NA
"2120",1984-10-26,14.7583195063455,NA
"2121",1984-10-27,15.8106308013661,NA
"2122",1984-10-28,15.9665951006238,NA
"2123",1984-10-29,15.4950428092259,NA
"2124",1984-10-30,14.7172708911159,NA
"2125",1984-10-31,14.5784885508841,NA
"2126",1984-11-01,15.3538733653824,NA
"2127",1984-11-02,15.5225280708717,NA
"2128",1984-11-03,15.0385641839203,NA
"2129",1984-11-04,14.9729674745482,NA
"2130",1984-11-05,14.9656693929831,NA
"2131",1984-11-06,15.0385505914047,NA
"2132",1984-11-07,15.40554835416,NA
"2133",1984-11-08,15.857736415466,NA
"2134",1984-11-09,16.7895081922345,NA
"2135",1984-11-10,17.3400283176261,NA
"2136",1984-11-11,17.8757368558417,NA
"2137",1984-11-12,18.120409994424,NA
"2138",1984-11-13,17.9946014546185,NA
"2139",1984-11-14,17.3749411885782,NA
"2140",1984-11-15,15.9626898965412,NA
"2141",1984-11-16,15.3742047964049,NA
"2142",1984-11-17,15.6133232647795,NA
"2143",1984-11-18,16.8898920223663,NA
"2144",1984-11-19,17.8211917614192,NA
"2145",1984-11-20,18.4728079723429,NA
"2146",1984-11-21,18.4873044533887,NA
"2147",1984-11-22,18.4115402306993,NA
"2148",1984-11-23,17.5287156000811,NA
"2149",1984-11-24,16.4862801696392,NA
"2150",1984-11-25,15.8541407509876,NA
"2151",1984-11-26,16.4398681787058,NA
"2152",1984-11-27,16.4508805322989,NA
"2153",1984-11-28,16.7135132333753,NA
"2154",1984-11-29,17.295306103643,NA
"2155",1984-11-30,17.7604059839287,NA
"2156",1984-12-01,18.3914527622041,NA
"2157",1984-12-02,17.9895169389579,NA
"2158",1984-12-03,16.2326099644917,NA
"2159",1984-12-04,15.3707720494759,NA
"2160",1984-12-05,15.0468113148603,NA
"2161",1984-12-06,15.1018303741201,NA
"2162",1984-12-07,15.3722055485297,NA
"2163",1984-12-08,15.1346347651795,NA
"2164",1984-12-09,15.1403551240781,NA
"2165",1984-12-10,16.2720278858382,NA
"2166",1984-12-11,16.6721541756836,NA
"2167",1984-12-12,16.9508227813861,NA
"2168",1984-12-13,16.9143198446658,NA
"2169",1984-12-14,16.7842974375569,NA
"2170",1984-12-15,16.5979080048021,NA
"2171",1984-12-16,16.7040914307653,NA
"2172",1984-12-17,17.0785775210702,NA
"2173",1984-12-18,17.3956066545519,NA
"2174",1984-12-19,17.2752160290676,NA
"2175",1984-12-20,16.9251002085312,NA
"2176",1984-12-21,17.0292208616265,NA
"2177",1984-12-22,17.416556160983,NA
"2178",1984-12-23,17.9044774474983,NA
"2179",1984-12-24,18.1649655099343,NA
"2180",1984-12-25,18.0288806758104,NA
"2181",1984-12-26,17.9265727783969,NA
"2182",1984-12-27,18.4046528196969,NA
"2183",1984-12-28,18.6406725445028,NA
"2184",1984-12-29,19.175181123425,NA
"2185",1984-12-30,19.2947528935953,NA
"2186",1984-12-31,18.6457989474011,NA
"2187",1985-01-01,18.850813028709,NA
"2188",1985-01-02,19.0458514954179,NA
"2189",1985-01-03,19.051071681344,NA
"2190",1985-01-04,19.0493353159606,NA
"2191",1985-01-05,18.1132453342158,NA
"2192",1985-01-06,17.343782930635,NA
"2193",1985-01-07,17.1571913016042,NA
"2194",1985-01-08,17.1215411264753,NA
"2195",1985-01-09,17.2820956235236,NA
"2196",1985-01-10,17.3521816746757,NA
"2197",1985-01-11,17.2614610503887,NA
"2198",1985-01-12,18.4518801857001,NA
"2199",1985-01-13,19.8564804408363,NA
"2200",1985-01-14,21.0182080923153,NA
"2201",1985-01-15,20.9554500524322,NA
"2202",1985-01-16,20.9946902616253,NA
"2203",1985-01-17,20.6978431654925,NA
"2204",1985-01-18,20.332973583146,NA
"2205",1985-01-19,19.3870755831697,NA
"2206",1985-01-20,17.8283947046168,NA
"2207",1985-01-21,16.8029974351746,NA
"2208",1985-01-22,16.9924345062759,NA
"2209",1985-01-23,17.0506568740784,NA
"2210",1985-01-24,17.3418617076853,NA
"2211",1985-01-25,18.108932246767,NA
"2212",1985-01-26,19.4594075043546,NA
"2213",1985-01-27,20.0351998040696,NA
"2214",1985-01-28,19.8383744696346,NA
"2215",1985-01-29,20.6053636374594,NA
"2216",1985-01-30,21.298014899302,NA
"2217",1985-01-31,21.3385774114951,NA
"2218",1985-02-01,20.9379052866805,NA
"2219",1985-02-02,20.6457917705299,NA
"2220",1985-02-03,21.255084328732,NA
"2221",1985-02-04,21.5960477267785,NA
"2222",1985-02-05,21.5410439573821,NA
"2223",1985-02-06,20.8397069561541,NA
"2224",1985-02-07,20.6216126776577,NA
"2225",1985-02-08,20.6829370718647,NA
"2226",1985-02-09,20.3371078898561,NA
"2227",1985-02-10,19.3134136887614,NA
"2228",1985-02-11,19.2497307359015,NA
"2229",1985-02-12,19.0063099973213,NA
"2230",1985-02-13,19.2794649516863,NA
"2231",1985-02-14,19.5368930687873,NA
"2232",1985-02-15,20.2686762046125,NA
"2233",1985-02-16,19.7844079749025,NA
"2234",1985-02-17,19.3913792812328,NA
"2235",1985-02-18,18.6227261518432,NA
"2236",1985-02-19,18.4022019402183,NA
"2237",1985-02-20,18.5542737485364,NA
"2238",1985-02-21,19.4640333628995,NA
"2239",1985-02-22,18.8887178567912,NA
"2240",1985-02-23,18.8766380110368,NA
"2241",1985-02-24,19.5646514983379,NA
"2242",1985-02-25,19.7259521974096,NA
"2243",1985-02-26,18.6797124787435,NA
"2244",1985-02-27,17.950083915852,NA
"2245",1985-02-28,16.9206214517241,NA
"2246",1985-03-01,17.2248250470177,NA
"2247",1985-03-02,17.5226867299012,NA
"2248",1985-03-03,17.2249707023249,NA
"2249",1985-03-04,16.5259853371244,NA
"2250",1985-03-05,16.7593364023983,NA
"2251",1985-03-06,16.6728226233824,NA
"2252",1985-03-07,16.9632847628904,NA
"2253",1985-03-08,17.1014919211397,NA
"2254",1985-03-09,17.904166116064,NA
"2255",1985-03-10,18.6213130166791,NA
"2256",1985-03-11,20.1152175829272,NA
"2257",1985-03-12,21.0847800916321,NA
"2258",1985-03-13,22.1169113962223,NA
"2259",1985-03-14,22.5459550278044,NA
"2260",1985-03-15,22.719607450045,NA
"2261",1985-03-16,22.4438636576643,NA
"2262",1985-03-17,21.9732437479444,NA
"2263",1985-03-18,21.3199262552626,NA
"2264",1985-03-19,21.0509393002364,NA
"2265",1985-03-20,20.3851399676497,NA
"2266",1985-03-21,19.9264878027032,NA
"2267",1985-03-22,19.8293695822117,NA
"2268",1985-03-23,20.2729406699213,NA
"2269",1985-03-24,20.088757933793,NA
"2270",1985-03-25,19.9189006554855,NA
"2271",1985-03-26,19.4413007538544,NA
"2272",1985-03-27,19.3274473771203,NA
"2273",1985-03-28,19.2543153719301,NA
"2274",1985-03-29,18.3118255261733,NA
"2275",1985-03-30,18.0929911796921,NA
"2276",1985-03-31,18.9460440918331,NA
"2277",1985-04-01,18.9898165319688,NA
"2278",1985-04-02,18.9521070486483,NA
"2279",1985-04-03,18.8834565835078,NA
"2280",1985-04-04,18.6077301628779,NA
"2281",1985-04-05,18.9001161258132,NA
"2282",1985-04-06,18.6990280382422,NA
"2283",1985-04-07,18.3611295387856,NA
"2284",1985-04-08,18.630844843467,NA
"2285",1985-04-09,18.7691503999166,NA
"2286",1985-04-10,18.8956604860934,NA
"2287",1985-04-11,19.299746406962,NA
"2288",1985-04-12,19.79411527489,NA
"2289",1985-04-13,20.2760951474295,NA
"2290",1985-04-14,20.1176271826206,NA
"2291",1985-04-15,19.5113780444686,NA
"2292",1985-04-16,18.5364645011361,NA
"2293",1985-04-17,17.1399181934906,NA
"2294",1985-04-18,15.4990093090376,NA
"2295",1985-04-19,13.8090510542114,NA
"2296",1985-04-20,11.9232626827468,NA
"2297",1985-04-21,11.0452703462941,NA
"2298",1985-04-22,10.8242665694876,NA
"2299",1985-04-23,11.4419652546099,NA
"2300",1985-04-24,11.9502488566313,NA
"2301",1985-04-25,12.4523976159617,NA
"2302",1985-04-26,12.9142374332307,NA
"2303",1985-04-27,13.4533054248948,NA
"2304",1985-04-28,13.9430802606986,NA
"2305",1985-04-29,14.6249043114118,NA
"2306",1985-04-30,15.2183800235162,NA
"2307",1985-05-01,15.5807517809845,NA
"2308",1985-05-02,15.7606270601382,NA
"2309",1985-05-03,15.843000952577,NA
"2310",1985-05-04,16.1231444076496,NA
"2311",1985-05-05,16.5820240573875,NA
"2312",1985-05-06,15.9634800517101,NA
"2313",1985-05-07,15.0135171601589,NA
"2314",1985-05-08,14.3249418584305,NA
"2315",1985-05-09,14.0278215122324,NA
"2316",1985-05-10,13.7275130301683,NA
"2317",1985-05-11,13.2916814707555,NA
"2318",1985-05-12,12.2971586322087,NA
"2319",1985-05-13,12.7151008173224,NA
"2320",1985-05-14,13.0577464339461,NA
"2321",1985-05-15,12.880863361335,NA
"2322",1985-05-16,11.9208740781199,NA
"2323",1985-05-17,11.3793036919601,NA
"2324",1985-05-18,10.4925275682977,NA
"2325",1985-05-19,9.97320946975641,NA
"2326",1985-05-20,9.17678310615464,NA
"2327",1985-05-21,8.32680895351516,NA
"2328",1985-05-22,8.45108765951243,NA
"2329",1985-05-23,9.0130431994976,NA
"2330",1985-05-24,8.97718135231537,NA
"2331",1985-05-25,9.34462559651881,NA
"2332",1985-05-26,9.78922899350488,NA
"2333",1985-05-27,10.571536543331,NA
"2334",1985-05-28,11.8107476741804,NA
"2335",1985-05-29,12.4180184585498,NA
"2336",1985-05-30,12.4241805985912,NA
"2337",1985-05-31,12.3712919553426,NA
"2338",1985-06-01,12.0443109443593,NA
"2339",1985-06-02,11.2302901308136,NA
"2340",1985-06-03,10.3521236747706,NA
"2341",1985-06-04,9.00920471335916,NA
"2342",1985-06-05,8.31291479069656,NA
"2343",1985-06-06,8.12341400971316,NA
"2344",1985-06-07,7.94830092312932,NA
"2345",1985-06-08,7.92948075069947,NA
"2346",1985-06-09,8.45942136356343,NA
"2347",1985-06-10,8.64427539160321,NA
"2348",1985-06-11,8.97131293494692,NA
"2349",1985-06-12,8.71205189099148,NA
"2350",1985-06-13,8.91810729111751,NA
"2351",1985-06-14,8.9858907136654,NA
"2352",1985-06-15,9.15919434460607,NA
"2353",1985-06-16,8.9286546984248,NA
"2354",1985-06-17,8.57712749540099,NA
"2355",1985-06-18,8.27733398583613,NA
"2356",1985-06-19,8.36821313479062,NA
"2357",1985-06-20,7.97350006377584,NA
"2358",1985-06-21,7.62724469041009,NA
"2359",1985-06-22,6.86267374571489,NA
"2360",1985-06-23,6.72496982230501,NA
"2361",1985-06-24,6.67410123043757,NA
"2362",1985-06-25,6.86790370429971,NA
"2363",1985-06-26,6.93360436618606,NA
"2364",1985-06-27,7.34397292734864,NA
"2365",1985-06-28,8.01890475364718,NA
"2366",1985-06-29,8.96192739923556,NA
"2367",1985-06-30,9.50798259656108,NA
"2368",1985-07-01,10.079323766871,NA
"2369",1985-07-02,10.5243103415341,NA
"2370",1985-07-03,10.6881048028775,NA
"2371",1985-07-04,10.3260151021259,NA
"2372",1985-07-05,9.68802875729873,NA
"2373",1985-07-06,9.26840394163029,NA
"2374",1985-07-07,8.79188716637301,NA
"2375",1985-07-08,8.42833230719186,NA
"2376",1985-07-09,7.85436608744105,NA
"2377",1985-07-10,7.47683881871239,NA
"2378",1985-07-11,7.49361156918597,NA
"2379",1985-07-12,7.55137890018873,NA
"2380",1985-07-13,7.61771047849034,NA
"2381",1985-07-14,7.77040518372655,NA
"2382",1985-07-15,7.76043354698784,NA
"2383",1985-07-16,7.69247515072717,NA
"2384",1985-07-17,7.80068238271216,NA
"2385",1985-07-18,7.62031447863798,NA
"2386",1985-07-19,7.65794447158341,NA
"2387",1985-07-20,7.78109747912834,NA
"2388",1985-07-21,7.8382541346567,NA
"2389",1985-07-22,7.3363881628117,NA
"2390",1985-07-23,7.05168720561341,NA
"2391",1985-07-24,6.63599252923385,NA
"2392",1985-07-25,6.81702413218182,NA
"2393",1985-07-26,6.43700578675927,NA
"2394",1985-07-27,6.18755661238226,NA
"2395",1985-07-28,6.42288598413991,NA
"2396",1985-07-29,6.71995040419381,NA
"2397",1985-07-30,6.87682342506545,NA
"2398",1985-07-31,7.13571209385187,NA
"2399",1985-08-01,6.71551786245399,NA
"2400",1985-08-02,7.01142026420802,NA
"2401",1985-08-03,7.20364335439168,NA
"2402",1985-08-04,7.06603900407452,NA
"2403",1985-08-05,7.6112966084716,NA
"2404",1985-08-06,8.09702305053602,NA
"2405",1985-08-07,8.51539358617687,NA
"2406",1985-08-08,8.90745928865876,NA
"2407",1985-08-09,9.06173612167117,NA
"2408",1985-08-10,8.62737702816741,NA
"2409",1985-08-11,7.99160022326337,NA
"2410",1985-08-12,7.55351420839517,NA
"2411",1985-08-13,7.54978421694809,NA
"2412",1985-08-14,7.83711256301178,NA
"2413",1985-08-15,7.91696732511439,NA
"2414",1985-08-16,8.21560648406243,NA
"2415",1985-08-17,8.79717449091695,NA
"2416",1985-08-18,9.31573472021545,NA
"2417",1985-08-19,9.06282605681316,NA
"2418",1985-08-20,8.81916294745565,NA
"2419",1985-08-21,8.57268192551784,NA
"2420",1985-08-22,8.86958981965977,NA
"2421",1985-08-23,8.7042999830467,NA
"2422",1985-08-24,8.89393987013309,NA
"2423",1985-08-25,9.02651795956153,NA
"2424",1985-08-26,9.45494292078964,NA
"2425",1985-08-27,10.0963372331632,NA
"2426",1985-08-28,9.58538851395744,NA
"2427",1985-08-29,9.32489990812433,NA
"2428",1985-08-30,9.62636048180301,NA
"2429",1985-08-31,9.60465054015779,NA
"2430",1985-09-01,9.16792338612654,NA
"2431",1985-09-02,9.15474667223172,NA
"2432",1985-09-03,8.76585009940023,NA
"2433",1985-09-04,9.08125992964281,NA
"2434",1985-09-05,9.15267808911621,NA
"2435",1985-09-06,8.92734032836745,NA
"2436",1985-09-07,8.87164959584937,NA
"2437",1985-09-08,9.60285080086435,NA
"2438",1985-09-09,10.3922134995622,NA
"2439",1985-09-10,10.8733475665334,NA
"2440",1985-09-11,11.5051083018915,NA
"2441",1985-09-12,12.1674379915596,NA
"2442",1985-09-13,12.5491790723003,NA
"2443",1985-09-14,12.7649389788003,NA
"2444",1985-09-15,12.651585943669,NA
"2445",1985-09-16,12.0004852352879,NA
"2446",1985-09-17,11.773509491868,NA
"2447",1985-09-18,11.0718971171711,NA
"2448",1985-09-19,10.324986446136,NA
"2449",1985-09-20,9.93233168938051,NA
"2450",1985-09-21,9.57582176204429,NA
"2451",1985-09-22,9.72652797124502,NA
"2452",1985-09-23,10.4452518073127,NA
"2453",1985-09-24,11.2571220769052,NA
"2454",1985-09-25,11.6961516084889,NA
"2455",1985-09-26,11.4413078539761,NA
"2456",1985-09-27,11.3502975793888,NA
"2457",1985-09-28,11.2679681258959,NA
"2458",1985-09-29,10.7989349674848,NA
"2459",1985-09-30,10.3839742591027,NA
"2460",1985-10-01,9.91374222727885,NA
"2461",1985-10-02,9.94806807457358,NA
"2462",1985-10-03,11.5032944942106,NA
"2463",1985-10-04,13.335146980275,NA
"2464",1985-10-05,13.6594646873529,NA
"2465",1985-10-06,14.3123033445773,NA
"2466",1985-10-07,14.6280807500863,NA
"2467",1985-10-08,15.100623706196,NA
"2468",1985-10-09,15.4333111279062,NA
"2469",1985-10-10,15.5538950768748,NA
"2470",1985-10-11,14.6046405831902,NA
"2471",1985-10-12,14.4716439610745,NA
"2472",1985-10-13,14.3372246877183,NA
"2473",1985-10-14,14.6913429385376,NA
"2474",1985-10-15,15.0136456244665,NA
"2475",1985-10-16,15.3538998548545,NA
"2476",1985-10-17,14.8615243416331,NA
"2477",1985-10-18,14.3091353970862,NA
"2478",1985-10-19,14.1882947471906,NA
"2479",1985-10-20,13.6862888874246,NA
"2480",1985-10-21,13.2441855156587,NA
"2481",1985-10-22,12.7067159738032,NA
"2482",1985-10-23,11.9310902283854,NA
"2483",1985-10-24,11.5538170035425,NA
"2484",1985-10-25,11.8269930063989,NA
"2485",1985-10-26,12.5235894094302,NA
"2486",1985-10-27,13.4912030596923,NA
"2487",1985-10-28,13.9969485049173,NA
"2488",1985-10-29,14.3492484704037,NA
"2489",1985-10-30,14.2197770257863,NA
"2490",1985-10-31,14.1037387951363,NA
"2491",1985-11-01,14.5034047185471,NA
"2492",1985-11-02,14.3134543146941,NA
"2493",1985-11-03,14.7847143022435,NA
"2494",1985-11-04,15.3286013985679,NA
"2495",1985-11-05,15.5831547468461,NA
"2496",1985-11-06,16.6108630917584,NA
"2497",1985-11-07,17.40617510422,NA
"2498",1985-11-08,17.7673666208442,NA
"2499",1985-11-09,18.4033203030925,NA
"2500",1985-11-10,18.5954195098406,NA
"2501",1985-11-11,18.0115450714579,NA
"2502",1985-11-12,18.1516820645747,NA
"2503",1985-11-13,18.6750278788265,NA
"2504",1985-11-14,18.3005567591793,NA
"2505",1985-11-15,17.7396955892687,NA
"2506",1985-11-16,17.4919646496686,NA
"2507",1985-11-17,16.4621773297358,NA
"2508",1985-11-18,16.0262500632534,NA
"2509",1985-11-19,15.079416992437,NA
"2510",1985-11-20,13.7879049320023,NA
"2511",1985-11-21,13.4129297376671,NA
"2512",1985-11-22,13.4734303793383,NA
"2513",1985-11-23,13.8422484162774,NA
"2514",1985-11-24,14.7235749947427,NA
"2515",1985-11-25,15.4291632962022,NA
"2516",1985-11-26,15.7570060562579,NA
"2517",1985-11-27,16.1428123541677,NA
"2518",1985-11-28,16.7013858211678,NA
"2519",1985-11-29,16.9991086048955,NA
"2520",1985-11-30,16.6494036596588,NA
"2521",1985-12-01,16.5636775251684,NA
"2522",1985-12-02,16.42855344462,NA
"2523",1985-12-03,16.7310627411886,NA
"2524",1985-12-04,16.950827412487,NA
"2525",1985-12-05,17.4013454750812,NA
"2526",1985-12-06,17.8782750506953,NA
"2527",1985-12-07,18.3944549003482,NA
"2528",1985-12-08,18.6621652480331,NA
"2529",1985-12-09,18.694394908369,NA
"2530",1985-12-10,18.5199677449811,NA
"2531",1985-12-11,18.5008560204539,NA
"2532",1985-12-12,18.0157369735031,NA
"2533",1985-12-13,17.6491112429631,NA
"2534",1985-12-14,17.4038767862482,NA
"2535",1985-12-15,17.5113231866012,NA
"2536",1985-12-16,17.3613524097925,NA
"2537",1985-12-17,17.2469337532555,NA
"2538",1985-12-18,17.1865733717516,NA
"2539",1985-12-19,17.8529540776171,NA
"2540",1985-12-20,18.0493972181257,NA
"2541",1985-12-21,17.8970288777039,NA
"2542",1985-12-22,17.1678761264497,NA
"2543",1985-12-23,16.9788449770466,NA
"2544",1985-12-24,17.1869941284718,NA
"2545",1985-12-25,17.5076794785472,NA
"2546",1985-12-26,16.9170181809841,NA
"2547",1985-12-27,16.4607950866989,NA
"2548",1985-12-28,16.4438378050427,NA
"2549",1985-12-29,17.4241758050961,NA
"2550",1985-12-30,18.1165238364553,NA
"2551",1985-12-31,17.8077163689238,NA
"2552",1986-01-01,17.4098336943584,NA
"2553",1986-01-02,17.1646082950124,NA
"2554",1986-01-03,17.5728076279034,NA
"2555",1986-01-04,17.6615918516452,NA
"2556",1986-01-05,16.7554823447863,NA
"2557",1986-01-06,16.5974239437822,NA
"2558",1986-01-07,17.5486620542133,NA
"2559",1986-01-08,17.3305574776251,NA
"2560",1986-01-09,17.448275901791,NA
"2561",1986-01-10,17.1130166021319,NA
"2562",1986-01-11,17.6043967193638,NA
"2563",1986-01-12,17.9264086630389,NA
"2564",1986-01-13,17.8730284128763,NA
"2565",1986-01-14,18.1969978567749,NA
"2566",1986-01-15,18.8054891953043,NA
"2567",1986-01-16,18.7558123518632,NA
"2568",1986-01-17,18.6626929158902,NA
"2569",1986-01-18,18.1238787563939,NA
"2570",1986-01-19,18.0255010418833,NA
"2571",1986-01-20,17.8392943378091,NA
"2572",1986-01-21,16.8243920332755,NA
"2573",1986-01-22,16.4129108496546,NA
"2574",1986-01-23,16.753122920468,NA
"2575",1986-01-24,17.2765750929003,NA
"2576",1986-01-25,17.2857280769499,NA
"2577",1986-01-26,17.1321689703668,NA
"2578",1986-01-27,17.1582370199001,NA
"2579",1986-01-28,18.0005290063378,NA
"2580",1986-01-29,19.0717657674239,NA
"2581",1986-01-30,19.1669944435379,NA
"2582",1986-01-31,19.4164730638114,NA
"2583",1986-02-01,20.2443060333797,NA
"2584",1986-02-02,20.0572623173199,NA
"2585",1986-02-03,19.9943810947892,NA
"2586",1986-02-04,19.5493446703563,NA
"2587",1986-02-05,18.8167630019862,NA
"2588",1986-02-06,18.7100369174588,NA
"2589",1986-02-07,19.1928824605698,NA
"2590",1986-02-08,19.3780670481206,NA
"2591",1986-02-09,19.6632830895805,NA
"2592",1986-02-10,19.8467616194539,NA
"2593",1986-02-11,19.521191961882,NA
"2594",1986-02-12,19.9985759530917,NA
"2595",1986-02-13,20.8259066227321,NA
"2596",1986-02-14,21.0110678207886,NA
"2597",1986-02-15,20.6811739044085,NA
"2598",1986-02-16,21.4563259226822,NA
"2599",1986-02-17,21.4748544943087,NA
"2600",1986-02-18,21.4828007707573,NA
"2601",1986-02-19,20.9191723930435,NA
"2602",1986-02-20,20.1825806596173,NA
"2603",1986-02-21,19.0182296837104,NA
"2604",1986-02-22,18.0381916807174,NA
"2605",1986-02-23,16.3611038934137,NA
"2606",1986-02-24,16.3023840536359,NA
"2607",1986-02-25,16.8497495650546,NA
"2608",1986-02-26,17.439617392406,NA
"2609",1986-02-27,18.2062972636693,NA
"2610",1986-02-28,19.1399347640664,NA
"2611",1986-03-01,19.5298714399537,NA
"2612",1986-03-02,19.8764432586571,NA
"2613",1986-03-03,20.2475226509351,NA
"2614",1986-03-04,20.2317037357174,NA
"2615",1986-03-05,20.547309899068,NA
"2616",1986-03-06,21.0205318084844,NA
"2617",1986-03-07,20.6369622098235,NA
"2618",1986-03-08,20.2927960447894,NA
"2619",1986-03-09,19.9695544253144,NA
"2620",1986-03-10,19.1694709292222,NA
"2621",1986-03-11,18.4215842030627,NA
"2622",1986-03-12,17.6526134520711,NA
"2623",1986-03-13,16.7846582421918,NA
"2624",1986-03-14,17.2065171030801,NA
"2625",1986-03-15,17.6970371089172,NA
"2626",1986-03-16,18.0072129996565,NA
"2627",1986-03-17,18.5622851085813,NA
"2628",1986-03-18,19.4258559071733,NA
"2629",1986-03-19,19.8953721532674,NA
"2630",1986-03-20,20.257846110115,NA
"2631",1986-03-21,20.2872666049376,NA
"2632",1986-03-22,20.6247390853751,NA
"2633",1986-03-23,20.6744342257828,NA
"2634",1986-03-24,20.5470400147733,NA
"2635",1986-03-25,20.4447601593971,NA
"2636",1986-03-26,20.3853355630003,NA
"2637",1986-03-27,19.4859824982831,NA
"2638",1986-03-28,18.8770267809849,NA
"2639",1986-03-29,19.1446471677296,NA
"2640",1986-03-30,19.3916614750971,NA
"2641",1986-03-31,19.07890913175,NA
"2642",1986-04-01,18.5941857673068,NA
"2643",1986-04-02,18.5691669197495,NA
"2644",1986-04-03,19.4370079639879,NA
"2645",1986-04-04,19.9203991071954,NA
"2646",1986-04-05,18.6523656397494,NA
"2647",1986-04-06,18.0436811025548,NA
"2648",1986-04-07,17.8722753492206,NA
"2649",1986-04-08,17.7295245045471,NA
"2650",1986-04-09,16.6118972922861,NA
"2651",1986-04-10,15.6364103455797,NA
"2652",1986-04-11,14.3019864360242,NA
"2653",1986-04-12,14.4995099309815,NA
"2654",1986-04-13,15.1785080661344,NA
"2655",1986-04-14,16.3877455869279,NA
"2656",1986-04-15,16.8273345419369,NA
"2657",1986-04-16,16.7100034459375,NA
"2658",1986-04-17,15.9858790572259,NA
"2659",1986-04-18,15.8523562527826,NA
"2660",1986-04-19,15.6865728257472,NA
"2661",1986-04-20,14.9174348372101,NA
"2662",1986-04-21,13.9027088644441,NA
"2663",1986-04-22,13.4265577784634,NA
"2664",1986-04-23,13.791166428894,NA
"2665",1986-04-24,13.8445907684393,NA
"2666",1986-04-25,13.4541481953897,NA
"2667",1986-04-26,13.2485614770197,NA
"2668",1986-04-27,12.8216584414481,NA
"2669",1986-04-28,11.9916744360093,NA
"2670",1986-04-29,11.3037741724403,NA
"2671",1986-04-30,10.8084835259745,NA
"2672",1986-05-01,10.4458180992042,NA
"2673",1986-05-02,10.7364666487505,NA
"2674",1986-05-03,11.0577691780587,NA
"2675",1986-05-04,11.356113387454,NA
"2676",1986-05-05,12.0180683736939,NA
"2677",1986-05-06,12.2480729054147,NA
"2678",1986-05-07,12.5588330126172,NA
"2679",1986-05-08,13.1081439738316,NA
"2680",1986-05-09,13.3938557764035,NA
"2681",1986-05-10,12.8529448026473,NA
"2682",1986-05-11,12.8486555704001,NA
"2683",1986-05-12,12.7868556179747,NA
"2684",1986-05-13,12.7543063457904,NA
"2685",1986-05-14,12.4905891837398,NA
"2686",1986-05-15,12.4242956382003,NA
"2687",1986-05-16,12.6269072077309,NA
"2688",1986-05-17,13.1158188079985,NA
"2689",1986-05-18,13.0642696830276,NA
"2690",1986-05-19,12.9476001503723,NA
"2691",1986-05-20,12.5592769656424,NA
"2692",1986-05-21,12.3063197992693,NA
"2693",1986-05-22,12.0552901009451,NA
"2694",1986-05-23,11.5954181546013,NA
"2695",1986-05-24,11.2396429208681,NA
"2696",1986-05-25,10.9298986648466,NA
"2697",1986-05-26,10.4123886285222,NA
"2698",1986-05-27,10.5427245912879,NA
"2699",1986-05-28,10.5908915258041,NA
"2700",1986-05-29,10.2169463537089,NA
"2701",1986-05-30,10.0898496234846,NA
"2702",1986-05-31,10.0478480070771,NA
"2703",1986-06-01,9.87831073926212,NA
"2704",1986-06-02,10.1489932311845,NA
"2705",1986-06-03,10.3013990177506,NA
"2706",1986-06-04,10.3546809219607,NA
"2707",1986-06-05,10.4365219326431,NA
"2708",1986-06-06,10.2291836371157,NA
"2709",1986-06-07,10.2034856716078,NA
"2710",1986-06-08,10.2207161027118,NA
"2711",1986-06-09,10.1891341492134,NA
"2712",1986-06-10,9.78699337787534,NA
"2713",1986-06-11,9.53021269604239,NA
"2714",1986-06-12,9.40539310156378,NA
"2715",1986-06-13,9.39909468429576,NA
"2716",1986-06-14,9.12979447480514,NA
"2717",1986-06-15,9.37222018369312,NA
"2718",1986-06-16,9.21129695867074,NA
"2719",1986-06-17,9.22489878513528,NA
"2720",1986-06-18,9.00162293004225,NA
"2721",1986-06-19,8.43112439437373,NA
"2722",1986-06-20,7.69749782450726,NA
"2723",1986-06-21,7.45759596547674,NA
"2724",1986-06-22,6.69078866426317,NA
"2725",1986-06-23,6.23613882556108,NA
"2726",1986-06-24,5.8710458921194,NA
"2727",1986-06-25,5.92249888088465,NA
"2728",1986-06-26,6.20485106386399,NA
"2729",1986-06-27,6.60165507898133,NA
"2730",1986-06-28,6.32761535129203,NA
"2731",1986-06-29,6.2057312349444,NA
"2732",1986-06-30,6.23711756666824,NA
"2733",1986-07-01,6.4462015521614,NA
"2734",1986-07-02,6.83957005181022,NA
"2735",1986-07-03,7.33457682027192,NA
"2736",1986-07-04,7.52061676530067,NA
"2737",1986-07-05,7.59038136947676,NA
"2738",1986-07-06,8.06623937487683,NA
"2739",1986-07-07,8.00622410441603,NA
"2740",1986-07-08,7.51136917723958,NA
"2741",1986-07-09,6.84843743597774,NA
"2742",1986-07-10,6.38507627209392,NA
"2743",1986-07-11,6.13747718028425,NA
"2744",1986-07-12,6.32534131335479,NA
"2745",1986-07-13,6.09302633646064,NA
"2746",1986-07-14,6.49674899410994,NA
"2747",1986-07-15,7.42286451595002,NA
"2748",1986-07-16,7.63985702218396,NA
"2749",1986-07-17,7.86143993535499,NA
"2750",1986-07-18,8.13883794567039,NA
"2751",1986-07-19,8.56811055563946,NA
"2752",1986-07-20,9.10328607866427,NA
"2753",1986-07-21,9.15885092365395,NA
"2754",1986-07-22,9.0880266933526,NA
"2755",1986-07-23,9.42379273081456,NA
"2756",1986-07-24,8.88905842739602,NA
"2757",1986-07-25,7.97292667403414,NA
"2758",1986-07-26,7.30071237244509,NA
"2759",1986-07-27,6.77027300595855,NA
"2760",1986-07-28,6.66105682542134,NA
"2761",1986-07-29,6.45054867380623,NA
"2762",1986-07-30,6.33030765537545,NA
"2763",1986-07-31,6.74504333524704,NA
"2764",1986-08-01,7.68129077623105,NA
"2765",1986-08-02,8.40404301449918,NA
"2766",1986-08-03,9.11307224225386,NA
"2767",1986-08-04,9.24022725222895,NA
"2768",1986-08-05,9.30816813065154,NA
"2769",1986-08-06,9.25919476121811,NA
"2770",1986-08-07,9.1039487695253,NA
"2771",1986-08-08,8.93304322225245,NA
"2772",1986-08-09,8.38265085049564,NA
"2773",1986-08-10,7.75400058552399,NA
"2774",1986-08-11,7.17866990305771,NA
"2775",1986-08-12,6.77786267992918,NA
"2776",1986-08-13,6.75121676130959,NA
"2777",1986-08-14,7.26614680097065,NA
"2778",1986-08-15,7.42776092812092,NA
"2779",1986-08-16,7.96778310175426,NA
"2780",1986-08-17,8.31341388618057,NA
"2781",1986-08-18,8.76553385660467,NA
"2782",1986-08-19,9.06933519826013,NA
"2783",1986-08-20,9.16209162025022,NA
"2784",1986-08-21,9.14669033756875,NA
"2785",1986-08-22,9.84614843143601,NA
"2786",1986-08-23,10.0698099234435,NA
"2787",1986-08-24,10.0968750877618,NA
"2788",1986-08-25,10.0943739944694,NA
"2789",1986-08-26,10.2689315957324,NA
"2790",1986-08-27,10.5011822006516,NA
"2791",1986-08-28,10.7140199678885,NA
"2792",1986-08-29,9.95649006468741,NA
"2793",1986-08-30,9.15297195651284,NA
"2794",1986-08-31,9.18562237263536,NA
"2795",1986-09-01,9.57357662925126,NA
"2796",1986-09-02,9.70345340526965,NA
"2797",1986-09-03,9.66385172304001,NA
"2798",1986-09-04,9.92872956059395,NA
"2799",1986-09-05,10.0776090284311,NA
"2800",1986-09-06,10.4022077198124,NA
"2801",1986-09-07,10.5355929200706,NA
"2802",1986-09-08,10.1793100511621,NA
"2803",1986-09-09,10.2238918418609,NA
"2804",1986-09-10,10.1868820669386,NA
"2805",1986-09-11,9.50439178592308,NA
"2806",1986-09-12,9.72561330995262,NA
"2807",1986-09-13,10.1644186730579,NA
"2808",1986-09-14,10.1726406370731,NA
"2809",1986-09-15,10.7420534852655,NA
"2810",1986-09-16,10.6257245946969,NA
"2811",1986-09-17,10.7927527618365,NA
"2812",1986-09-18,10.7658880563921,NA
"2813",1986-09-19,10.5001977550497,NA
"2814",1986-09-20,10.6835586082729,NA
"2815",1986-09-21,10.769321076184,NA
"2816",1986-09-22,10.5450579732716,NA
"2817",1986-09-23,10.7594518357302,NA
"2818",1986-09-24,10.8273753083142,NA
"2819",1986-09-25,11.3837604516274,NA
"2820",1986-09-26,12.0358716848766,NA
"2821",1986-09-27,11.662839520974,NA
"2822",1986-09-28,11.4812446646196,NA
"2823",1986-09-29,11.5851412704558,NA
"2824",1986-09-30,12.419337174867,NA
"2825",1986-10-01,13.0864663978565,NA
"2826",1986-10-02,12.8855309316507,NA
"2827",1986-10-03,12.232759469101,NA
"2828",1986-10-04,12.5781890145311,NA
"2829",1986-10-05,13.2316747352303,NA
"2830",1986-10-06,13.4242099730537,NA
"2831",1986-10-07,12.2771290653332,NA
"2832",1986-10-08,11.0850688952341,NA
"2833",1986-10-09,11.1475701843321,NA
"2834",1986-10-10,11.2573710948671,NA
"2835",1986-10-11,11.2319910214651,NA
"2836",1986-10-12,11.3632888943178,NA
"2837",1986-10-13,11.8056549093618,NA
"2838",1986-10-14,11.7531426180242,NA
"2839",1986-10-15,12.1844817239213,NA
"2840",1986-10-16,12.2920474822482,NA
"2841",1986-10-17,13.231481926121,NA
"2842",1986-10-18,13.0488303961178,NA
"2843",1986-10-19,12.126380526506,NA
"2844",1986-10-20,11.1152974093429,NA
"2845",1986-10-21,11.9223443965027,NA
"2846",1986-10-22,11.1994181784426,NA
"2847",1986-10-23,10.65121814406,NA
"2848",1986-10-24,9.52423062550204,NA
"2849",1986-10-25,9.44464471208993,NA
"2850",1986-10-26,9.76458102335164,NA
"2851",1986-10-27,9.91418475678955,NA
"2852",1986-10-28,9.8708556187068,NA
"2853",1986-10-29,11.2324235726814,NA
"2854",1986-10-30,12.5221336778238,NA
"2855",1986-10-31,13.0221937373175,NA
"2856",1986-11-01,13.3819396813325,NA
"2857",1986-11-02,14.0990733477327,NA
"2858",1986-11-03,15.6140551408283,NA
"2859",1986-11-04,16.8276853511893,NA
"2860",1986-11-05,17.7140147829649,NA
"2861",1986-11-06,17.3541025259586,NA
"2862",1986-11-07,17.3599184452605,NA
"2863",1986-11-08,17.4211264178688,NA
"2864",1986-11-09,17.3706182653776,NA
"2865",1986-11-10,16.8944508746193,NA
"2866",1986-11-11,15.3032771651829,NA
"2867",1986-11-12,13.8534765770039,NA
"2868",1986-11-13,14.0061412514991,NA
"2869",1986-11-14,15.1701390520519,NA
"2870",1986-11-15,15.9164286454323,NA
"2871",1986-11-16,16.5344461856454,NA
"2872",1986-11-17,16.1546877564577,NA
"2873",1986-11-18,15.9672546674725,NA
"2874",1986-11-19,15.8083695494336,NA
"2875",1986-11-20,15.097089234497,NA
"2876",1986-11-21,14.1287618482568,NA
"2877",1986-11-22,14.0685566062098,NA
"2878",1986-11-23,13.2160917022847,NA
"2879",1986-11-24,13.3304009436885,NA
"2880",1986-11-25,15.1210358950482,NA
"2881",1986-11-26,15.1642191667486,NA
"2882",1986-11-27,15.1169682042306,NA
"2883",1986-11-28,14.9263846000272,NA
"2884",1986-11-29,14.4086867786028,NA
"2885",1986-11-30,14.9451693457042,NA
"2886",1986-12-01,15.5861397233709,NA
"2887",1986-12-02,15.5286874010983,NA
"2888",1986-12-03,16.9035218724599,NA
"2889",1986-12-04,17.9925689763188,NA
"2890",1986-12-05,19.1574241571146,NA
"2891",1986-12-06,20.1364232579592,NA
"2892",1986-12-07,19.8052936700005,NA
"2893",1986-12-08,19.1506391170963,NA
"2894",1986-12-09,18.5269923234008,NA
"2895",1986-12-10,18.0755364819999,NA
"2896",1986-12-11,17.309065210201,NA
"2897",1986-12-12,16.2817721693396,NA
"2898",1986-12-13,14.9102207966578,NA
"2899",1986-12-14,14.6040874339373,NA
"2900",1986-12-15,15.331777424792,NA
"2901",1986-12-16,15.2082115586451,NA
"2902",1986-12-17,14.5035958001033,NA
"2903",1986-12-18,14.7337764099309,NA
"2904",1986-12-19,15.0808485137783,NA
"2905",1986-12-20,15.0918546242659,NA
"2906",1986-12-21,15.5495349140054,NA
"2907",1986-12-22,14.7871101361257,NA
"2908",1986-12-23,14.8953977363419,NA
"2909",1986-12-24,15.2766967524974,NA
"2910",1986-12-25,16.2369781524187,NA
"2911",1986-12-26,16.5161508414804,NA
"2912",1986-12-27,16.896913172221,NA
"2913",1986-12-28,17.0434962483122,NA
"2914",1986-12-29,17.6797203548852,NA
"2915",1986-12-30,18.9167544695798,NA
"2916",1986-12-31,18.952965900253,NA
"2917",1987-01-01,18.5325781430613,NA
"2918",1987-01-02,18.865970052582,NA
"2919",1987-01-03,18.9353017298672,NA
"2920",1987-01-04,19.2805451913913,NA
"2921",1987-01-05,19.4087501857131,NA
"2922",1987-01-06,18.9280700884997,NA
"2923",1987-01-07,19.134134873859,NA
"2924",1987-01-08,18.4155090185133,NA
"2925",1987-01-09,17.6327338166861,NA
"2926",1987-01-10,17.8774418524339,NA
"2927",1987-01-11,17.6975005808662,NA
"2928",1987-01-12,17.5193896660991,NA
"2929",1987-01-13,17.2475595169646,NA
"2930",1987-01-14,17.1747463723761,NA
"2931",1987-01-15,18.2308424160836,NA
"2932",1987-01-16,19.2058894563794,NA
"2933",1987-01-17,19.1150501254113,NA
"2934",1987-01-18,19.2297486143557,NA
"2935",1987-01-19,19.0841209580178,NA
"2936",1987-01-20,19.0354453650795,NA
"2937",1987-01-21,18.6920413689672,NA
"2938",1987-01-22,17.880804391374,NA
"2939",1987-01-23,16.7734768411318,NA
"2940",1987-01-24,17.3606415271579,NA
"2941",1987-01-25,17.6564082523172,NA
"2942",1987-01-26,18.2115948915931,NA
"2943",1987-01-27,17.7266221371252,NA
"2944",1987-01-28,17.8678239880132,NA
"2945",1987-01-29,18.3490469892251,NA
"2946",1987-01-30,19.0906711835352,NA
"2947",1987-01-31,19.2260439443617,NA
"2948",1987-02-01,19.1505941045548,NA
"2949",1987-02-02,19.597049885644,NA
"2950",1987-02-03,19.6298468376123,NA
"2951",1987-02-04,19.5070322067946,NA
"2952",1987-02-05,19.7440799599831,NA
"2953",1987-02-06,20.1561367557836,NA
"2954",1987-02-07,20.3978727427116,NA
"2955",1987-02-08,19.9767755037434,NA
"2956",1987-02-09,19.9165227739619,NA
"2957",1987-02-10,19.9351087447599,NA
"2958",1987-02-11,20.115585847371,NA
"2959",1987-02-12,19.8831567412867,NA
"2960",1987-02-13,19.8667759919768,NA
"2961",1987-02-14,19.6288860199858,NA
"2962",1987-02-15,19.8944838526974,NA
"2963",1987-02-16,19.6442963946829,NA
"2964",1987-02-17,20.3061395150868,NA
"2965",1987-02-18,21.0890581892251,NA
"2966",1987-02-19,21.8665235436427,NA
"2967",1987-02-20,21.0437759210544,NA
"2968",1987-02-21,20.1470881582644,NA
"2969",1987-02-22,19.5165370081758,NA
"2970",1987-02-23,19.122920375437,NA
"2971",1987-02-24,18.4739277956154,NA
"2972",1987-02-25,17.0409722082976,NA
"2973",1987-02-26,16.0633111104301,NA
"2974",1987-02-27,17.2829070974122,NA
"2975",1987-02-28,17.1332081399516,NA
"2976",1987-03-01,17.2724122735388,NA
"2977",1987-03-02,16.9273331882693,NA
"2978",1987-03-03,16.9550648941888,NA
"2979",1987-03-04,17.644957797758,NA
"2980",1987-03-05,17.7114155654876,NA
"2981",1987-03-06,16.4999230324801,NA
"2982",1987-03-07,16.6059487888228,NA
"2983",1987-03-08,16.2537752335801,NA
"2984",1987-03-09,15.814740597769,NA
"2985",1987-03-10,15.4360913491303,NA
"2986",1987-03-11,15.2891949978158,NA
"2987",1987-03-12,14.5558682567115,NA
"2988",1987-03-13,14.099904535971,NA
"2989",1987-03-14,14.0054855446669,NA
"2990",1987-03-15,15.0810076964776,NA
"2991",1987-03-16,16.5673694990247,NA
"2992",1987-03-17,17.7364291807723,NA
"2993",1987-03-18,18.3728853361942,NA
"2994",1987-03-19,18.3599094079171,NA
"2995",1987-03-20,18.6982728821569,NA
"2996",1987-03-21,18.8100760959331,NA
"2997",1987-03-22,18.2851482640514,NA
"2998",1987-03-23,16.8217838247918,NA
"2999",1987-03-24,15.5849535369484,NA
"3000",1987-03-25,14.7910623707585,NA
"3001",1987-03-26,15.0366194174504,NA
"3002",1987-03-27,16.0207376451513,NA
"3003",1987-03-28,16.1326476463144,NA
"3004",1987-03-29,15.8541691528714,NA
"3005",1987-03-30,15.9807965865712,NA
"3006",1987-03-31,16.0542397520892,NA
"3007",1987-04-01,15.8108022850107,NA
"3008",1987-04-02,15.8910966065036,NA
"3009",1987-04-03,15.544570018773,NA
"3010",1987-04-04,16.3177471101269,NA
"3011",1987-04-05,17.809359275793,NA
"3012",1987-04-06,18.708351985202,NA
"3013",1987-04-07,18.8060289040413,NA
"3014",1987-04-08,18.3042285448668,NA
"3015",1987-04-09,17.4968172535985,NA
"3016",1987-04-10,17.0803786191908,NA
"3017",1987-04-11,16.7020014069392,NA
"3018",1987-04-12,16.2005033769657,NA
"3019",1987-04-13,15.5875681693982,NA
"3020",1987-04-14,15.258813340592,NA
"3021",1987-04-15,15.3249809049126,NA
"3022",1987-04-16,15.5795151072998,NA
"3023",1987-04-17,15.4972188393761,NA
"3024",1987-04-18,15.3598424183962,NA
"3025",1987-04-19,14.136477492895,NA
"3026",1987-04-20,13.0469072321553,NA
"3027",1987-04-21,12.4549656639835,NA
"3028",1987-04-22,12.4319885808573,NA
"3029",1987-04-23,12.3441527497705,NA
"3030",1987-04-24,12.2938085867683,NA
"3031",1987-04-25,12.0740191193005,NA
"3032",1987-04-26,13.2234618288228,NA
"3033",1987-04-27,14.9853352155649,NA
"3034",1987-04-28,15.5881467521621,NA
"3035",1987-04-29,15.8590097536958,NA
"3036",1987-04-30,15.6865686582627,NA
"3037",1987-05-01,15.5754170909013,NA
"3038",1987-05-02,15.0145279507671,NA
"3039",1987-05-03,13.8905804849054,NA
"3040",1987-05-04,12.7129246390099,NA
"3041",1987-05-05,12.5749139405198,NA
"3042",1987-05-06,12.3439184731976,NA
"3043",1987-05-07,12.4449195935511,NA
"3044",1987-05-08,12.3591767537386,NA
"3045",1987-05-09,12.6918564823402,NA
"3046",1987-05-10,13.1672475651187,NA
"3047",1987-05-11,13.6927496617266,NA
"3048",1987-05-12,14.3033074981171,NA
"3049",1987-05-13,14.6978204156429,NA
"3050",1987-05-14,14.9917033346108,NA
"3051",1987-05-15,14.8282014013543,NA
"3052",1987-05-16,14.5347805652854,NA
"3053",1987-05-17,14.104895071622,NA
"3054",1987-05-18,13.3853411037918,NA
"3055",1987-05-19,12.3228242538416,NA
"3056",1987-05-20,11.6303845413624,NA
"3057",1987-05-21,10.824826950866,NA
"3058",1987-05-22,10.7577776843353,NA
"3059",1987-05-23,11.0333555933297,NA
"3060",1987-05-24,11.0774265764733,NA
"3061",1987-05-25,10.9132020356852,NA
"3062",1987-05-26,10.3671749498862,NA
"3063",1987-05-27,9.57582301982945,NA
"3064",1987-05-28,9.64090130246899,NA
"3065",1987-05-29,9.490616622224,NA
"3066",1987-05-30,8.82151073262009,NA
"3067",1987-05-31,8.43158892401484,NA
"3068",1987-06-01,8.27742270587967,NA
"3069",1987-06-02,8.69095701354732,NA
"3070",1987-06-03,9.441695848236,NA
"3071",1987-06-04,9.55086733900834,NA
"3072",1987-06-05,9.37427994862019,NA
"3073",1987-06-06,9.57283391769717,NA
"3074",1987-06-07,9.7108577690647,NA
"3075",1987-06-08,10.2187744085477,NA
"3076",1987-06-09,10.757939326902,NA
"3077",1987-06-10,11.4234260464519,NA
"3078",1987-06-11,11.2561190896926,NA
"3079",1987-06-12,11.1059877369418,NA
"3080",1987-06-13,10.5751465011138,NA
"3081",1987-06-14,10.654005247219,NA
"3082",1987-06-15,9.8243107488298,NA
"3083",1987-06-16,8.89836578616203,NA
"3084",1987-06-17,7.93215548992939,NA
"3085",1987-06-18,8.23722957165583,NA
"3086",1987-06-19,8.78172160896892,NA
"3087",1987-06-20,9.60068836860647,NA
"3088",1987-06-21,9.65331497696821,NA
"3089",1987-06-22,10.1225821796692,NA
"3090",1987-06-23,10.590444836191,NA
"3091",1987-06-24,10.4684054878093,NA
"3092",1987-06-25,10.1389192430899,NA
"3093",1987-06-26,9.62284910335667,NA
"3094",1987-06-27,8.81137632746018,NA
"3095",1987-06-28,8.36146549914248,NA
"3096",1987-06-29,8.01288123286377,NA
"3097",1987-06-30,7.67381874305751,NA
"3098",1987-07-01,7.5584244976378,NA
"3099",1987-07-02,7.27659009821032,NA
"3100",1987-07-03,6.94676479545097,NA
"3101",1987-07-04,6.98242109597144,NA
"3102",1987-07-05,7.11083045581012,NA
"3103",1987-07-06,7.38051722844373,NA
"3104",1987-07-07,7.62188732752069,NA
"3105",1987-07-08,7.82285379913275,NA
"3106",1987-07-09,8.13272503658875,NA
"3107",1987-07-10,8.34478489414096,NA
"3108",1987-07-11,8.25800962437437,NA
"3109",1987-07-12,7.75366993537622,NA
"3110",1987-07-13,7.48500777899514,NA
"3111",1987-07-14,7.45903402697774,NA
"3112",1987-07-15,7.14985985445705,NA
"3113",1987-07-16,7.05955678384077,NA
"3114",1987-07-17,7.10512115287432,NA
"3115",1987-07-18,7.36483236547285,NA
"3116",1987-07-19,7.39775394972245,NA
"3117",1987-07-20,7.16429378015469,NA
"3118",1987-07-21,6.96617475421701,NA
"3119",1987-07-22,7.22423198073956,NA
"3120",1987-07-23,7.01310366327068,NA
"3121",1987-07-24,6.66270520368252,NA
"3122",1987-07-25,6.39667222483405,NA
"3123",1987-07-26,6.69139484461935,NA
"3124",1987-07-27,6.90285007295911,NA
"3125",1987-07-28,7.05889282718874,NA
"3126",1987-07-29,7.17478015642983,NA
"3127",1987-07-30,7.49030033785102,NA
"3128",1987-07-31,7.829910150459,NA
"3129",1987-08-01,8.29266101437668,NA
"3130",1987-08-02,8.50095703275593,NA
"3131",1987-08-03,8.71895390612459,NA
"3132",1987-08-04,8.82502440127879,NA
"3133",1987-08-05,8.97971900062546,NA
"3134",1987-08-06,8.90772389988176,NA
"3135",1987-08-07,9.22865051942443,NA
"3136",1987-08-08,9.16151847193282,NA
"3137",1987-08-09,8.85868452870395,NA
"3138",1987-08-10,8.79492898421017,NA
"3139",1987-08-11,8.69271218180418,NA
"3140",1987-08-12,8.88588689767752,NA
"3141",1987-08-13,9.24717890805597,NA
"3142",1987-08-14,9.39937424065602,NA
"3143",1987-08-15,9.78460040517186,NA
"3144",1987-08-16,9.8515615704465,NA
"3145",1987-08-17,9.72959169335418,NA
"3146",1987-08-18,9.7705487549325,NA
"3147",1987-08-19,9.52419583688181,NA
"3148",1987-08-20,8.99639862307967,NA
"3149",1987-08-21,8.56449826674178,NA
"3150",1987-08-22,8.4406942072022,NA
"3151",1987-08-23,8.66543918623821,NA
"3152",1987-08-24,9.08706267289457,NA
"3153",1987-08-25,9.25975602515074,NA
"3154",1987-08-26,9.49678629432898,NA
"3155",1987-08-27,9.80742078470186,NA
"3156",1987-08-28,10.2272032811895,NA
"3157",1987-08-29,9.95136071946851,NA
"3158",1987-08-30,10.0546713281575,NA
"3159",1987-08-31,9.2373816497515,NA
"3160",1987-09-01,8.61624114239718,NA
"3161",1987-09-02,8.21452906121596,NA
"3162",1987-09-03,7.91640625415494,NA
"3163",1987-09-04,7.58129224193223,NA
"3164",1987-09-05,7.60466613902723,NA
"3165",1987-09-06,7.53760384127623,NA
"3166",1987-09-07,8.2542211665739,NA
"3167",1987-09-08,9.02128779612474,NA
"3168",1987-09-09,9.00686211536295,NA
"3169",1987-09-10,9.04574757748979,NA
"3170",1987-09-11,9.22384704833715,NA
"3171",1987-09-12,9.12085811828629,NA
"3172",1987-09-13,9.2495166411739,NA
"3173",1987-09-14,9.43674922235147,NA
"3174",1987-09-15,9.31594797877925,NA
"3175",1987-09-16,9.66628182299426,NA
"3176",1987-09-17,10.4218731549584,NA
"3177",1987-09-18,11.3796272084236,NA
"3178",1987-09-19,12.1238899649342,NA
"3179",1987-09-20,12.0321913207271,NA
"3180",1987-09-21,12.2511228187926,NA
"3181",1987-09-22,12.6767217339913,NA
"3182",1987-09-23,13.7769149595116,NA
"3183",1987-09-24,14.7633712854542,NA
"3184",1987-09-25,15.2909765759968,NA
"3185",1987-09-26,16.3378218642534,NA
"3186",1987-09-27,17.9011164408196,NA
"3187",1987-09-28,18.5857981442224,NA
"3188",1987-09-29,18.5686118632812,NA
"3189",1987-09-30,17.6132982845752,NA
"3190",1987-10-01,16.4878907066948,NA
"3191",1987-10-02,15.3541229028272,NA
"3192",1987-10-03,14.6607580073302,NA
"3193",1987-10-04,12.7817846009737,NA
"3194",1987-10-05,11.7950913991115,NA
"3195",1987-10-06,11.4045478185873,NA
"3196",1987-10-07,11.2373740539169,NA
"3197",1987-10-08,11.1743029787051,NA
"3198",1987-10-09,11.2932591967536,NA
"3199",1987-10-10,10.4206367856552,NA
"3200",1987-10-11,10.1444565173672,NA
"3201",1987-10-12,9.79466954786599,NA
"3202",1987-10-13,9.85251193922021,NA
"3203",1987-10-14,10.940315692751,NA
"3204",1987-10-15,11.9140948152117,NA
"3205",1987-10-16,11.8113322369638,NA
"3206",1987-10-17,11.8618431611541,NA
"3207",1987-10-18,12.5935735379181,NA
"3208",1987-10-19,13.0956722652551,NA
"3209",1987-10-20,13.5004777005823,NA
"3210",1987-10-21,12.979830180255,NA
"3211",1987-10-22,12.4769401495017,NA
"3212",1987-10-23,12.4650530581144,NA
"3213",1987-10-24,12.8834218850418,NA
"3214",1987-10-25,13.3696738783125,NA
"3215",1987-10-26,14.159596717411,NA
"3216",1987-10-27,14.6035588995796,NA
"3217",1987-10-28,14.6610049882229,NA
"3218",1987-10-29,15.0085913545231,NA
"3219",1987-10-30,16.2654664620021,NA
"3220",1987-10-31,17.5804545961834,NA
"3221",1987-11-01,19.0156684523149,NA
"3222",1987-11-02,19.7450126756186,NA
"3223",1987-11-03,19.2670690537087,NA
"3224",1987-11-04,19.3028870018879,NA
"3225",1987-11-05,19.0807412137254,NA
"3226",1987-11-06,18.3878798593252,NA
"3227",1987-11-07,17.8925240399474,NA
"3228",1987-11-08,16.8186704919922,NA
"3229",1987-11-09,15.2648236295687,NA
"3230",1987-11-10,15.4672406354223,NA
"3231",1987-11-11,15.4236581056979,NA
"3232",1987-11-12,15.5753175671085,NA
"3233",1987-11-13,15.4895783341482,NA
"3234",1987-11-14,14.8429448989568,NA
"3235",1987-11-15,15.0002723427433,NA
"3236",1987-11-16,16.4582409755895,NA
"3237",1987-11-17,17.7599968280022,NA
"3238",1987-11-18,19.3925735924987,NA
"3239",1987-11-19,20.0881754482929,NA
"3240",1987-11-20,20.2217112372167,NA
"3241",1987-11-21,20.0030641427522,NA
"3242",1987-11-22,19.7386284041733,NA
"3243",1987-11-23,18.9048669392203,NA
"3244",1987-11-24,17.5907323646476,NA
"3245",1987-11-25,15.7388006926329,NA
"3246",1987-11-26,14.5769791433883,NA
"3247",1987-11-27,14.209770492976,NA
"3248",1987-11-28,14.960550455039,NA
"3249",1987-11-29,15.3643160141038,NA
"3250",1987-11-30,15.1590321583209,NA
"3251",1987-12-01,14.9941768314467,NA
"3252",1987-12-02,14.8023610669037,NA
"3253",1987-12-03,14.4574180600322,NA
"3254",1987-12-04,14.7121697547831,NA
"3255",1987-12-05,14.091509639047,NA
"3256",1987-12-06,13.0774189410569,NA
"3257",1987-12-07,12.8092278250514,NA
"3258",1987-12-08,13.6530879903043,NA
"3259",1987-12-09,14.6713048859746,NA
"3260",1987-12-10,16.0875777580288,NA
"3261",1987-12-11,16.6065221073371,NA
"3262",1987-12-12,17.4766164517181,NA
"3263",1987-12-13,18.5048385751699,NA
"3264",1987-12-14,19.8660742633057,NA
"3265",1987-12-15,20.8490342884494,NA
"3266",1987-12-16,20.9874194057939,NA
"3267",1987-12-17,20.6172535457704,NA
"3268",1987-12-18,20.2798874342531,NA
"3269",1987-12-19,19.7167609519817,NA
"3270",1987-12-20,18.9381459082896,NA
"3271",1987-12-21,17.677785303922,NA
"3272",1987-12-22,16.3427430947278,NA
"3273",1987-12-23,15.9798725471677,NA
"3274",1987-12-24,15.7117971331621,NA
"3275",1987-12-25,15.803389087247,NA
"3276",1987-12-26,16.9433852681277,NA
"3277",1987-12-27,17.9512744549729,NA
"3278",1987-12-28,17.8817718250856,NA
"3279",1987-12-29,17.8279420061955,NA
"3280",1987-12-30,18.6307540701254,NA
"3281",1987-12-31,19.7191746224254,NA
"3282",1988-01-01,19.9216458478224,NA
"3283",1988-01-02,19.2307058363038,NA
"3284",1988-01-03,18.4982382544523,NA
"3285",1988-01-04,18.7247381837124,NA
"3286",1988-01-05,19.1718326209341,NA
"3287",1988-01-06,19.4952803588624,NA
"3288",1988-01-07,19.8912819967288,NA
"3289",1988-01-08,20.6602974088565,NA
"3290",1988-01-09,21.3651210693958,NA
"3291",1988-01-10,22.1608977197797,NA
"3292",1988-01-11,22.7546453956803,NA
"3293",1988-01-12,23.0607915156033,NA
"3294",1988-01-13,23.0752539775977,NA
"3295",1988-01-14,23.0648776715089,NA
"3296",1988-01-15,23.0714897686309,NA
"3297",1988-01-16,22.9188718447245,NA
"3298",1988-01-17,22.4940533497882,NA
"3299",1988-01-18,21.8263486060575,NA
"3300",1988-01-19,21.2913409351018,NA
"3301",1988-01-20,20.954516360916,NA
"3302",1988-01-21,20.1593915444075,NA
"3303",1988-01-22,19.7859483130175,NA
"3304",1988-01-23,19.3630040920527,NA
"3305",1988-01-24,18.9862287345441,NA
"3306",1988-01-25,18.8323088991112,NA
"3307",1988-01-26,18.5879706246816,NA
"3308",1988-01-27,18.7827439754041,NA
"3309",1988-01-28,19.7634727210928,NA
"3310",1988-01-29,20.5269016324207,NA
"3311",1988-01-30,21.126915237316,NA
"3312",1988-01-31,21.2163889896271,NA
"3313",1988-02-01,21.2595434944807,NA
"3314",1988-02-02,21.0540674591455,NA
"3315",1988-02-03,20.4229505923161,NA
"3316",1988-02-04,19.675608507127,NA
"3317",1988-02-05,19.1176589322497,NA
"3318",1988-02-06,18.211603242123,NA
"3319",1988-02-07,18.1857092686056,NA
"3320",1988-02-08,18.0553914328949,NA
"3321",1988-02-09,18.1105490368813,NA
"3322",1988-02-10,18.6468245185344,NA
"3323",1988-02-11,19.0477554778686,NA
"3324",1988-02-12,18.5635399188904,NA
"3325",1988-02-13,18.9644694030993,NA
"3326",1988-02-14,19.3590006898079,NA
"3327",1988-02-15,19.7622315898108,NA
"3328",1988-02-16,19.8950101579603,NA
"3329",1988-02-17,20.0201280575161,NA
"3330",1988-02-18,19.6629307757273,NA
"3331",1988-02-19,19.1648716482153,NA
"3332",1988-02-20,19.0887838119225,NA
"3333",1988-02-21,19.0150009952844,NA
"3334",1988-02-22,19.1702377907075,NA
"3335",1988-02-23,19.2359923443203,NA
"3336",1988-02-24,18.7446051465686,NA
"3337",1988-02-25,19.2323774225255,NA
"3338",1988-02-26,20.4711967561494,NA
"3339",1988-02-27,20.8397105311828,NA
"3340",1988-02-28,20.8530336351929,NA
"3341",1988-02-29,20.6752209567873,NA
"3342",1988-03-01,20.5902655759334,NA
"3343",1988-03-02,21.3700354517841,NA
"3344",1988-03-03,20.9173943019842,NA
"3345",1988-03-04,19.7015524393822,NA
"3346",1988-03-05,19.0843876993322,NA
"3347",1988-03-06,19.0298724329099,NA
"3348",1988-03-07,19.4400137753265,NA
"3349",1988-03-08,19.7619778038589,NA
"3350",1988-03-09,19.1207644619265,NA
"3351",1988-03-10,19.2353333697959,NA
"3352",1988-03-11,18.7901609752212,NA
"3353",1988-03-12,18.6164550498635,NA
"3354",1988-03-13,18.2042215372041,NA
"3355",1988-03-14,17.0931553505285,NA
"3356",1988-03-15,16.0551073854029,NA
"3357",1988-03-16,14.9666530494389,NA
"3358",1988-03-17,14.5049649549979,NA
"3359",1988-03-18,15.7625271433101,NA
"3360",1988-03-19,16.910319685915,NA
"3361",1988-03-20,18.0115728355909,NA
"3362",1988-03-21,19.0767861170097,NA
"3363",1988-03-22,19.8172532302806,NA
"3364",1988-03-23,20.3761611585514,NA
"3365",1988-03-24,20.5898090730135,NA
"3366",1988-03-25,20.8096902905166,NA
"3367",1988-03-26,20.6980003346886,NA
"3368",1988-03-27,20.5367722693813,NA
"3369",1988-03-28,20.4526276808497,NA
"3370",1988-03-29,20.5133135566042,NA
"3371",1988-03-30,20.3435363247709,NA
"3372",1988-03-31,20.0506346261914,NA
"3373",1988-04-01,19.4928781021496,NA
"3374",1988-04-02,18.697076537505,NA
"3375",1988-04-03,18.3235495320143,NA
"3376",1988-04-04,17.5469618915752,NA
"3377",1988-04-05,17.03634700287,NA
"3378",1988-04-06,16.8021766831896,NA
"3379",1988-04-07,16.9410769657581,NA
"3380",1988-04-08,16.3466396942396,NA
"3381",1988-04-09,15.9843191840283,NA
"3382",1988-04-10,15.2815360718241,NA
"3383",1988-04-11,15.4925626437432,NA
"3384",1988-04-12,15.5899111367957,NA
"3385",1988-04-13,15.787100204938,NA
"3386",1988-04-14,15.7969372645859,NA
"3387",1988-04-15,15.9090704790391,NA
"3388",1988-04-16,15.8120544543829,NA
"3389",1988-04-17,15.9620502268067,NA
"3390",1988-04-18,16.1676949695572,NA
"3391",1988-04-19,15.9577495346921,NA
"3392",1988-04-20,15.6617702070922,NA
"3393",1988-04-21,15.5004860648336,NA
"3394",1988-04-22,16.0265918489096,NA
"3395",1988-04-23,16.5794138991543,NA
"3396",1988-04-24,16.8327055218102,NA
"3397",1988-04-25,16.9055030947096,NA
"3398",1988-04-26,16.2807661070997,NA
"3399",1988-04-27,16.2452178909713,NA
"3400",1988-04-28,16.4511604189397,NA
"3401",1988-04-29,16.6727987506576,NA
"3402",1988-04-30,17.3090310328133,NA
"3403",1988-05-01,17.8675272922009,NA
"3404",1988-05-02,17.8846893285855,NA
"3405",1988-05-03,18.5194456300141,NA
"3406",1988-05-04,18.8752691615305,NA
"3407",1988-05-05,18.743392179627,NA
"3408",1988-05-06,18.4714275241062,NA
"3409",1988-05-07,17.7481137067716,NA
"3410",1988-05-08,16.9182263118511,NA
"3411",1988-05-09,16.1499930270599,NA
"3412",1988-05-10,15.1920939496719,NA
"3413",1988-05-11,14.1378697791009,NA
"3414",1988-05-12,13.2026798545032,NA
"3415",1988-05-13,12.4870815277397,NA
"3416",1988-05-14,12.5242647869201,NA
"3417",1988-05-15,12.5277151162624,NA
"3418",1988-05-16,12.7563970446593,NA
"3419",1988-05-17,13.2330676311468,NA
"3420",1988-05-18,13.5149016960819,NA
"3421",1988-05-19,13.685925684396,NA
"3422",1988-05-20,13.6555360917594,NA
"3423",1988-05-21,13.1584870979871,NA
"3424",1988-05-22,12.8752338728131,NA
"3425",1988-05-23,12.2772333524827,NA
"3426",1988-05-24,11.9767037383542,NA
"3427",1988-05-25,11.8517252626329,NA
"3428",1988-05-26,11.8899963284896,NA
"3429",1988-05-27,11.9507582348477,NA
"3430",1988-05-28,11.8225137250682,NA
"3431",1988-05-29,11.5638024371051,NA
"3432",1988-05-30,11.5141629339633,NA
"3433",1988-05-31,11.230477187772,NA
"3434",1988-06-01,11.1250014974346,NA
"3435",1988-06-02,11.1594944961357,NA
"3436",1988-06-03,11.2635187174924,NA
"3437",1988-06-04,11.7446732971116,NA
"3438",1988-06-05,11.7265025826631,NA
"3439",1988-06-06,11.8109751203851,NA
"3440",1988-06-07,11.6707634640648,NA
"3441",1988-06-08,11.1734245803745,NA
"3442",1988-06-09,10.5863819813324,NA
"3443",1988-06-10,9.89885968132399,NA
"3444",1988-06-11,9.09544293601829,NA
"3445",1988-06-12,9.30007840308405,NA
"3446",1988-06-13,9.42982282986417,NA
"3447",1988-06-14,9.66720190012708,NA
"3448",1988-06-15,9.80555645193419,NA
"3449",1988-06-16,9.57525806552681,NA
"3450",1988-06-17,9.50282753582565,NA
"3451",1988-06-18,9.6175815243898,NA
"3452",1988-06-19,9.05997270149831,NA
"3453",1988-06-20,8.64780597226755,NA
"3454",1988-06-21,8.22410773213729,NA
"3455",1988-06-22,8.11879298155666,NA
"3456",1988-06-23,8.59943112980982,NA
"3457",1988-06-24,8.87485169886812,NA
"3458",1988-06-25,8.71684591332022,NA
"3459",1988-06-26,8.76127229172825,NA
"3460",1988-06-27,9.13069659155034,NA
"3461",1988-06-28,8.97671289289512,NA
"3462",1988-06-29,9.11630746388257,NA
"3463",1988-06-30,8.95232516663631,NA
"3464",1988-07-01,8.7361540068418,NA
"3465",1988-07-02,8.55314210025304,NA
"3466",1988-07-03,8.54369683272946,NA
"3467",1988-07-04,8.26093490393855,NA
"3468",1988-07-05,8.88532152485853,NA
"3469",1988-07-06,9.35226076105069,NA
"3470",1988-07-07,9.89685013277405,NA
"3471",1988-07-08,10.3309678595829,NA
"3472",1988-07-09,10.5451772674708,NA
"3473",1988-07-10,10.7546493606301,NA
"3474",1988-07-11,11.1387299571281,NA
"3475",1988-07-12,10.9564010353303,NA
"3476",1988-07-13,10.3655820834473,NA
"3477",1988-07-14,10.1222847829397,NA
"3478",1988-07-15,9.66866643969694,NA
"3479",1988-07-16,9.96817711113767,NA
"3480",1988-07-17,9.97512706567103,NA
"3481",1988-07-18,9.59901131593225,NA
"3482",1988-07-19,9.60153979455287,NA
"3483",1988-07-20,9.59224392285192,NA
"3484",1988-07-21,9.06898056554209,NA
"3485",1988-07-22,9.03699473233657,NA
"3486",1988-07-23,8.65485949650774,NA
"3487",1988-07-24,8.6535455022592,NA
"3488",1988-07-25,8.47992554299787,NA
"3489",1988-07-26,8.17653122354771,NA
"3490",1988-07-27,8.47109891308539,NA
"3491",1988-07-28,8.7470509900828,NA
"3492",1988-07-29,8.74648212927069,NA
"3493",1988-07-30,8.91264571946961,NA
"3494",1988-07-31,8.81020672705668,NA
"3495",1988-08-01,9.07725082797595,NA
"3496",1988-08-02,9.24727742832875,NA
"3497",1988-08-03,9.14588297940325,NA
"3498",1988-08-04,9.12003694339401,NA
"3499",1988-08-05,8.81764556538526,NA
"3500",1988-08-06,8.8210051307126,NA
"3501",1988-08-07,8.54831550435731,NA
"3502",1988-08-08,7.9444471166345,NA
"3503",1988-08-09,7.791855430617,NA
"3504",1988-08-10,7.62495003189072,NA
"3505",1988-08-11,7.24147164633334,NA
"3506",1988-08-12,7.56447670361772,NA
"3507",1988-08-13,7.75589438931696,NA
"3508",1988-08-14,8.4398686854275,NA
"3509",1988-08-15,9.3191661518891,NA
"3510",1988-08-16,10.229428976275,NA
"3511",1988-08-17,10.5942191105087,NA
"3512",1988-08-18,11.1183985729044,NA
"3513",1988-08-19,11.4338507375257,NA
"3514",1988-08-20,11.6614749645482,NA
"3515",1988-08-21,11.3043813467539,NA
"3516",1988-08-22,10.817260662476,NA
"3517",1988-08-23,9.8893101867207,NA
"3518",1988-08-24,9.38765154647763,NA
"3519",1988-08-25,9.20863436241859,NA
"3520",1988-08-26,9.27553768466046,NA
"3521",1988-08-27,8.70457854810425,NA
"3522",1988-08-28,8.6802610403545,NA
"3523",1988-08-29,8.90979702608082,NA
"3524",1988-08-30,9.53410647615606,NA
"3525",1988-08-31,10.5122487841228,NA
"3526",1988-09-01,11.3952136897218,NA
"3527",1988-09-02,11.2860220288852,NA
"3528",1988-09-03,11.6685862953598,NA
"3529",1988-09-04,11.8388154464912,NA
"3530",1988-09-05,11.8073623951293,NA
"3531",1988-09-06,11.8018470469096,NA
"3532",1988-09-07,10.95065401491,NA
"3533",1988-09-08,10.7133296473289,NA
"3534",1988-09-09,11.5399344240677,NA
"3535",1988-09-10,12.1575125773022,NA
"3536",1988-09-11,12.318138234147,NA
"3537",1988-09-12,11.9411659517939,NA
"3538",1988-09-13,11.1801597603518,NA
"3539",1988-09-14,11.320616054525,NA
"3540",1988-09-15,10.9453209651692,NA
"3541",1988-09-16,10.8502196837938,NA
"3542",1988-09-17,10.5687933052311,NA
"3543",1988-09-18,10.5190164865278,NA
"3544",1988-09-19,10.9400396119358,NA
"3545",1988-09-20,11.3521019767972,NA
"3546",1988-09-21,11.9405984349723,NA
"3547",1988-09-22,12.7376923916501,NA
"3548",1988-09-23,12.5469101917954,NA
"3549",1988-09-24,12.0666351591048,NA
"3550",1988-09-25,12.2781623931886,NA
"3551",1988-09-26,12.947719545979,NA
"3552",1988-09-27,13.3325199212093,NA
"3553",1988-09-28,13.0930777238895,NA
"3554",1988-09-29,12.5198539450981,NA
"3555",1988-09-30,12.5864152895367,NA
"3556",1988-10-01,12.8892891889927,NA
"3557",1988-10-02,13.1021684834641,NA
"3558",1988-10-03,13.8166998765847,NA
"3559",1988-10-04,14.2498580507904,NA
"3560",1988-10-05,14.2905812059562,NA
"3561",1988-10-06,13.8443126715819,NA
"3562",1988-10-07,13.9065396689937,NA
"3563",1988-10-08,14.1239085826508,NA
"3564",1988-10-09,13.7424218915512,NA
"3565",1988-10-10,12.6037684723937,NA
"3566",1988-10-11,12.6743201429848,NA
"3567",1988-10-12,12.3350982660056,NA
"3568",1988-10-13,13.1638465721587,NA
"3569",1988-10-14,12.808311236323,NA
"3570",1988-10-15,12.6917672604881,NA
"3571",1988-10-16,12.8224249349423,NA
"3572",1988-10-17,12.7950917953915,NA
"3573",1988-10-18,12.6173963790622,NA
"3574",1988-10-19,13.2654685053282,NA
"3575",1988-10-20,14.108634084642,NA
"3576",1988-10-21,14.3370521231229,NA
"3577",1988-10-22,14.450051478062,NA
"3578",1988-10-23,14.6068461906299,NA
"3579",1988-10-24,14.2879120204194,NA
"3580",1988-10-25,14.3843834104643,NA
"3581",1988-10-26,14.9331222715382,NA
"3582",1988-10-27,13.8580111745163,NA
"3583",1988-10-28,14.3931156627316,NA
"3584",1988-10-29,14.6477506350643,NA
"3585",1988-10-30,15.1932591779816,NA
"3586",1988-10-31,16.1419420824306,NA
"3587",1988-11-01,16.949182582717,NA
"3588",1988-11-02,17.756649505624,NA
"3589",1988-11-03,18.477161963548,NA
"3590",1988-11-04,17.8403892076449,NA
"3591",1988-11-05,17.4218087855865,NA
"3592",1988-11-06,17.2882727024848,NA
"3593",1988-11-07,17.7797986464218,NA
"3594",1988-11-08,17.4868106812611,NA
"3595",1988-11-09,16.0652235802803,NA
"3596",1988-11-10,15.5378155999585,NA
"3597",1988-11-11,16.2600026038915,NA
"3598",1988-11-12,17.9768337197552,NA
"3599",1988-11-13,19.1124072310112,NA
"3600",1988-11-14,18.1710734019906,NA
"3601",1988-11-15,17.0133605360943,NA
"3602",1988-11-16,16.7618276905728,NA
"3603",1988-11-17,16.4399770839926,NA
"3604",1988-11-18,16.4054908355187,NA
"3605",1988-11-19,16.0126236280296,NA
"3606",1988-11-20,15.0747261812567,NA
"3607",1988-11-21,15.4295062788845,NA
"3608",1988-11-22,15.8490761942813,NA
"3609",1988-11-23,16.2588544102437,NA
"3610",1988-11-24,16.5884181173755,NA
"3611",1988-11-25,16.3049725950109,NA
"3612",1988-11-26,15.2615273152635,NA
"3613",1988-11-27,14.5394019045843,NA
"3614",1988-11-28,14.5717836087688,NA
"3615",1988-11-29,14.6897210021908,NA
"3616",1988-11-30,14.64664188764,NA
"3617",1988-12-01,14.9658936532328,NA
"3618",1988-12-02,16.0121142672052,NA
"3619",1988-12-03,17.10696487041,NA
"3620",1988-12-04,18.3172119653484,NA
"3621",1988-12-05,18.2765990607613,NA
"3622",1988-12-06,18.3709794951374,NA
"3623",1988-12-07,18.5741814144404,NA
"3624",1988-12-08,18.6108995860229,NA
"3625",1988-12-09,18.7511116842352,NA
"3626",1988-12-10,18.4511907775304,NA
"3627",1988-12-11,17.3745063443186,NA
"3628",1988-12-12,17.617188616011,NA
"3629",1988-12-13,18.3733306362319,NA
"3630",1988-12-14,19.3224438517944,NA
"3631",1988-12-15,19.9608559319989,NA
"3632",1988-12-16,20.2924512756971,NA
"3633",1988-12-17,20.6863759667748,NA
"3634",1988-12-18,21.4166545364646,NA
"3635",1988-12-19,21.6347656063704,NA
"3636",1988-12-20,21.3861362481264,NA
"3637",1988-12-21,20.6965715846658,NA
"3638",1988-12-22,20.3925341557755,NA
"3639",1988-12-23,20.2751909312607,NA
"3640",1988-12-24,20.6722739010222,NA
"3641",1988-12-25,20.4566200868572,NA
"3642",1988-12-26,19.8967676099672,NA
"3643",1988-12-27,19.6742809388724,NA
"3644",1988-12-28,19.4870523114398,NA
"3645",1988-12-29,19.1058421258899,NA
"3646",1988-12-30,18.349435017067,NA
"3647",1988-12-31,16.9654675365889,NA
"3648",1989-01-01,17.0519073397607,NA
"3649",1989-01-02,18.2520755536881,NA
"3650",1989-01-03,19.1104443233983,NA
"3651",1989-01-04,19.0811778434893,NA
"3652",1989-01-05,18.8392072084253,NA
"3653",1989-01-06,18.5584237436191,NA
"3654",1989-01-07,19.0019866297619,NA
"3655",1989-01-08,19.3998295545626,NA
"3656",1989-01-09,19.0668803006819,NA
"3657",1989-01-10,18.2158149789971,NA
"3658",1989-01-11,18.1600167201263,NA
"3659",1989-01-12,18.1251844766517,NA
"3660",1989-01-13,18.5439132358513,NA
"3661",1989-01-14,18.7776709188067,NA
"3662",1989-01-15,18.788143987595,NA
"3663",1989-01-16,19.1984397106359,NA
"3664",1989-01-17,19.2455908042112,NA
"3665",1989-01-18,19.3603578312922,NA
"3666",1989-01-19,19.786126386253,NA
"3667",1989-01-20,19.5111087371094,NA
"3668",1989-01-21,18.6579247165637,NA
"3669",1989-01-22,17.500022531018,NA
"3670",1989-01-23,16.9915053025127,NA
"3671",1989-01-24,17.7521391837831,NA
"3672",1989-01-25,18.7469314528871,NA
"3673",1989-01-26,19.4420476360545,NA
"3674",1989-01-27,20.5248481579536,NA
"3675",1989-01-28,21.573998206558,NA
"3676",1989-01-29,22.1456497119686,NA
"3677",1989-01-30,21.9969999687649,NA
"3678",1989-01-31,21.704814819214,NA
"3679",1989-02-01,21.4938852491183,NA
"3680",1989-02-02,20.9716642571449,NA
"3681",1989-02-03,19.9537923937118,NA
"3682",1989-02-04,18.9751995453104,NA
"3683",1989-02-05,18.4787857673464,NA
"3684",1989-02-06,19.1224374156346,NA
"3685",1989-02-07,19.6897708366858,NA
"3686",1989-02-08,20.1650552799637,NA
"3687",1989-02-09,20.0937233598099,NA
"3688",1989-02-10,20.16146578774,NA
"3689",1989-02-11,20.1911294276957,NA
"3690",1989-02-12,20.5723535051835,NA
"3691",1989-02-13,20.5272872818373,NA
"3692",1989-02-14,20.4767273384437,NA
"3693",1989-02-15,20.1912776150386,NA
"3694",1989-02-16,20.5308588480424,NA
"3695",1989-02-17,21.2822742466354,NA
"3696",1989-02-18,21.6299197124061,NA
"3697",1989-02-19,21.0522006106783,NA
"3698",1989-02-20,20.5372665529729,NA
"3699",1989-02-21,19.9564191607372,NA
"3700",1989-02-22,19.4861550013662,NA
"3701",1989-02-23,19.781510191033,NA
"3702",1989-02-24,19.6643827476371,NA
"3703",1989-02-25,18.8607033816648,NA
"3704",1989-02-26,19.2086041279162,NA
"3705",1989-02-27,20.1878093038823,NA
"3706",1989-02-28,21.1687755117058,NA
"3707",1989-03-01,21.9999096026132,NA
"3708",1989-03-02,22.1847217552383,NA
"3709",1989-03-03,22.2731050465609,NA
"3710",1989-03-04,22.7723044996079,NA
"3711",1989-03-05,22.9538420436229,NA
"3712",1989-03-06,22.939332063359,NA
"3713",1989-03-07,22.9453797346533,NA
"3714",1989-03-08,22.8158812922333,NA
"3715",1989-03-09,22.7089278733365,NA
"3716",1989-03-10,22.3877629402444,NA
"3717",1989-03-11,22.188110754806,NA
"3718",1989-03-12,21.8406254577701,NA
"3719",1989-03-13,21.2631346690387,NA
"3720",1989-03-14,20.153736018662,NA
"3721",1989-03-15,19.1055364869689,NA
"3722",1989-03-16,17.9152979778446,NA
"3723",1989-03-17,17.4871343095454,NA
"3724",1989-03-18,17.0578334621497,NA
"3725",1989-03-19,16.9690164565865,NA
"3726",1989-03-20,17.3941594818521,NA
"3727",1989-03-21,18.1632483008345,NA
"3728",1989-03-22,18.7258829483542,NA
"3729",1989-03-23,19.1523041345661,NA
"3730",1989-03-24,18.7352741755271,NA
"3731",1989-03-25,18.0120052504198,NA
"3732",1989-03-26,17.4783215065574,NA
"3733",1989-03-27,16.6769931953449,NA
"3734",1989-03-28,15.7699175481372,NA
"3735",1989-03-29,15.0840649544006,NA
"3736",1989-03-30,15.0302628057551,NA
"3737",1989-03-31,15.4171826435001,NA
"3738",1989-04-01,15.8772697521003,NA
"3739",1989-04-02,16.4921651149213,NA
"3740",1989-04-03,16.9201607563096,NA
"3741",1989-04-04,17.9392064595687,NA
"3742",1989-04-05,18.4886049336927,NA
"3743",1989-04-06,18.3046537369066,NA
"3744",1989-04-07,18.029313198178,NA
"3745",1989-04-08,17.942277801909,NA
"3746",1989-04-09,17.6214668944447,NA
"3747",1989-04-10,17.5022469148534,NA
"3748",1989-04-11,16.7965631537669,NA
"3749",1989-04-12,16.1597003845311,NA
"3750",1989-04-13,15.8052589580775,NA
"3751",1989-04-14,15.7580525838027,NA
"3752",1989-04-15,15.626957617225,NA
"3753",1989-04-16,15.2339798009632,NA
"3754",1989-04-17,14.7810572229795,NA
"3755",1989-04-18,14.1783389027295,NA
"3756",1989-04-19,13.9555664214721,NA
"3757",1989-04-20,14.1574677956593,NA
"3758",1989-04-21,14.1379995793379,NA
"3759",1989-04-22,13.8850857071843,NA
"3760",1989-04-23,14.0898436689019,NA
"3761",1989-04-24,14.3541772877348,NA
"3762",1989-04-25,14.8955066231084,NA
"3763",1989-04-26,15.5280797913773,NA
"3764",1989-04-27,15.8481936445318,NA
"3765",1989-04-28,16.2229789295803,NA
"3766",1989-04-29,16.5561484511233,NA
"3767",1989-04-30,16.7457810872985,NA
"3768",1989-05-01,16.6755515109615,NA
"3769",1989-05-02,16.4918555015191,NA
"3770",1989-05-03,16.1058514781955,NA
"3771",1989-05-04,15.3956392688798,NA
"3772",1989-05-05,14.9178920907442,NA
"3773",1989-05-06,14.5652386112734,NA
"3774",1989-05-07,14.1795020018576,NA
"3775",1989-05-08,14.0480585462243,NA
"3776",1989-05-09,14.236634100411,NA
"3777",1989-05-10,14.1941256141826,NA
"3778",1989-05-11,14.3459008553779,NA
"3779",1989-05-12,14.4158956035722,NA
"3780",1989-05-13,14.3802937110425,NA
"3781",1989-05-14,14.2673399828095,NA
"3782",1989-05-15,13.6885346974484,NA
"3783",1989-05-16,13.0402601886317,NA
"3784",1989-05-17,13.0098098456094,NA
"3785",1989-05-18,13.0628183224025,NA
"3786",1989-05-19,12.5560449182496,NA
"3787",1989-05-20,11.9409715058604,NA
"3788",1989-05-21,11.9661352185044,NA
"3789",1989-05-22,11.7613467588596,NA
"3790",1989-05-23,11.4297508268307,NA
"3791",1989-05-24,10.6574096764324,NA
"3792",1989-05-25,10.1970694081902,NA
"3793",1989-05-26,10.5071035524288,NA
"3794",1989-05-27,11.0826902552627,NA
"3795",1989-05-28,11.321152819214,NA
"3796",1989-05-29,12.0102441481266,NA
"3797",1989-05-30,11.9306636067317,NA
"3798",1989-05-31,11.2595079416736,NA
"3799",1989-06-01,10.3730534049041,NA
"3800",1989-06-02,9.55624098505361,NA
"3801",1989-06-03,8.92945913844206,NA
"3802",1989-06-04,8.2026633724945,NA
"3803",1989-06-05,7.31970615370172,NA
"3804",1989-06-06,7.17675196582342,NA
"3805",1989-06-07,7.92399971309987,NA
"3806",1989-06-08,8.70901199935533,NA
"3807",1989-06-09,8.67292515756351,NA
"3808",1989-06-10,8.97759994196277,NA
"3809",1989-06-11,8.93320027924205,NA
"3810",1989-06-12,9.11607762718368,NA
"3811",1989-06-13,9.26317575078759,NA
"3812",1989-06-14,9.36037826120678,NA
"3813",1989-06-15,9.45895664363832,NA
"3814",1989-06-16,10.3592238456234,NA
"3815",1989-06-17,10.4275107428991,NA
"3816",1989-06-18,10.330642479074,NA
"3817",1989-06-19,10.3062280376013,NA
"3818",1989-06-20,10.1039243662965,NA
"3819",1989-06-21,9.39288322494645,NA
"3820",1989-06-22,8.6213322412655,NA
"3821",1989-06-23,7.55085487994697,NA
"3822",1989-06-24,6.62689279824142,NA
"3823",1989-06-25,6.01822129416344,NA
"3824",1989-06-26,5.25449196239159,NA
"3825",1989-06-27,4.85691011241462,NA
"3826",1989-06-28,4.83883205842911,NA
"3827",1989-06-29,5.22976791923786,NA
"3828",1989-06-30,5.84594867268936,NA
"3829",1989-07-01,6.70417197008181,NA
"3830",1989-07-02,7.46083752377347,NA
"3831",1989-07-03,8.27951810658822,NA
"3832",1989-07-04,8.36422792162621,NA
"3833",1989-07-05,8.40193971348348,NA
"3834",1989-07-06,7.95481956646494,NA
"3835",1989-07-07,7.75055304260305,NA
"3836",1989-07-08,7.41136564562425,NA
"3837",1989-07-09,7.09187223342074,NA
"3838",1989-07-10,7.03103207058374,NA
"3839",1989-07-11,7.30369473348464,NA
"3840",1989-07-12,7.2996281350393,NA
"3841",1989-07-13,7.30931795688646,NA
"3842",1989-07-14,6.86946455162304,NA
"3843",1989-07-15,6.27340521366244,NA
"3844",1989-07-16,5.84480069864175,NA
"3845",1989-07-17,5.7053612524637,NA
"3846",1989-07-18,5.62612351785331,NA
"3847",1989-07-19,5.58052275319593,NA
"3848",1989-07-20,5.65376979296616,NA
"3849",1989-07-21,5.72081598195147,NA
"3850",1989-07-22,5.89541487672903,NA
"3851",1989-07-23,6.43012841765804,NA
"3852",1989-07-24,6.84158597122738,NA
"3853",1989-07-25,7.28358577458635,NA
"3854",1989-07-26,7.8060955814752,NA
"3855",1989-07-27,8.30239515841629,NA
"3856",1989-07-28,9.23371247611284,NA
"3857",1989-07-29,9.89071702527305,NA
"3858",1989-07-30,10.0232781649893,NA
"3859",1989-07-31,9.29164914356435,NA
"3860",1989-08-01,9.1104131372054,NA
"3861",1989-08-02,8.88899942799827,NA
"3862",1989-08-03,8.68686377858291,NA
"3863",1989-08-04,8.05391785630312,NA
"3864",1989-08-05,7.63880981489081,NA
"3865",1989-08-06,7.44714322470407,NA
"3866",1989-08-07,7.47188100687296,NA
"3867",1989-08-08,7.39000060948984,NA
"3868",1989-08-09,7.75304264860113,NA
"3869",1989-08-10,7.73257891787057,NA
"3870",1989-08-11,7.65997454349937,NA
"3871",1989-08-12,7.68812792777597,NA
"3872",1989-08-13,7.55848610916696,NA
"3873",1989-08-14,7.85658392493756,NA
"3874",1989-08-15,7.83927198749346,NA
"3875",1989-08-16,7.55519755900747,NA
"3876",1989-08-17,7.65214588928408,NA
"3877",1989-08-18,8.19340982030313,NA
"3878",1989-08-19,8.5043089125507,NA
"3879",1989-08-20,8.67313145325639,NA
"3880",1989-08-21,8.89193464095997,NA
"3881",1989-08-22,8.75170900687003,NA
"3882",1989-08-23,8.41122095676747,NA
"3883",1989-08-24,8.27200687404323,NA
"3884",1989-08-25,7.81604272955629,NA
"3885",1989-08-26,7.22404032090085,NA
"3886",1989-08-27,6.96893716667686,NA
"3887",1989-08-28,6.70422780710265,NA
"3888",1989-08-29,6.66233716392432,NA
"3889",1989-08-30,7.0685120055557,NA
"3890",1989-08-31,7.36201571571968,NA
"3891",1989-09-01,7.81591740119341,NA
"3892",1989-09-02,8.32088049770677,NA
"3893",1989-09-03,8.89449528740414,NA
"3894",1989-09-04,9.39622439347113,NA
"3895",1989-09-05,10.0750513163516,NA
"3896",1989-09-06,10.2352738582799,NA
"3897",1989-09-07,10.5550586588249,NA
"3898",1989-09-08,11.1812434660738,NA
"3899",1989-09-09,11.2974665319391,NA
"3900",1989-09-10,11.0910172525139,NA
"3901",1989-09-11,10.6287273041689,NA
"3902",1989-09-12,10.3353956812078,NA
"3903",1989-09-13,9.88907214571927,NA
"3904",1989-09-14,9.50545376604311,NA
"3905",1989-09-15,8.65016165120737,NA
"3906",1989-09-16,8.85505930624915,NA
"3907",1989-09-17,9.08464649682993,NA
"3908",1989-09-18,9.69743662340467,NA
"3909",1989-09-19,9.94191263175309,NA
"3910",1989-09-20,10.509213149711,NA
"3911",1989-09-21,11.1077701373585,NA
"3912",1989-09-22,11.2264641085335,NA
"3913",1989-09-23,11.1392184958599,NA
"3914",1989-09-24,11.6544184993829,NA
"3915",1989-09-25,11.022023775015,NA
"3916",1989-09-26,10.7838298767908,NA
"3917",1989-09-27,10.7006145498463,NA
"3918",1989-09-28,10.821118129655,NA
"3919",1989-09-29,11.9907976349918,NA
"3920",1989-09-30,12.7008783436752,NA
"3921",1989-10-01,11.8738877531055,NA
"3922",1989-10-02,11.882499434267,NA
"3923",1989-10-03,12.2112745331397,NA
"3924",1989-10-04,12.7860756957153,NA
"3925",1989-10-05,12.4104715178373,NA
"3926",1989-10-06,11.4009307421076,NA
"3927",1989-10-07,10.820889776728,NA
"3928",1989-10-08,11.0594622861582,NA
"3929",1989-10-09,11.3934316125053,NA
"3930",1989-10-10,11.3931859656562,NA
"3931",1989-10-11,11.1870365227335,NA
"3932",1989-10-12,11.174107476794,NA
"3933",1989-10-13,11.3418288921727,NA
"3934",1989-10-14,11.388394926813,NA
"3935",1989-10-15,11.7845228009413,NA
"3936",1989-10-16,11.9501580966616,NA
"3937",1989-10-17,12.6536589376521,NA
"3938",1989-10-18,13.3834559523063,NA
"3939",1989-10-19,13.7869215554921,NA
"3940",1989-10-20,13.8316161638409,NA
"3941",1989-10-21,14.0778581640216,NA
"3942",1989-10-22,14.3010962910853,NA
"3943",1989-10-23,14.6075107781325,NA
"3944",1989-10-24,14.7536835189838,NA
"3945",1989-10-25,14.3615079720615,NA
"3946",1989-10-26,14.1634031995583,NA
"3947",1989-10-27,13.9621714322853,NA
"3948",1989-10-28,13.8084542883064,NA
"3949",1989-10-29,14.1006857319839,NA
"3950",1989-10-30,14.2108454882249,NA
"3951",1989-10-31,13.3028456798642,NA
"3952",1989-11-01,12.9665988353327,NA
"3953",1989-11-02,12.8741287372491,NA
"3954",1989-11-03,13.6997500377523,NA
"3955",1989-11-04,14.4433104192463,NA
"3956",1989-11-05,14.7387719953307,NA
"3957",1989-11-06,14.3289628625376,NA
"3958",1989-11-07,14.5530345053899,NA
"3959",1989-11-08,14.3550091086592,NA
"3960",1989-11-09,14.2201227089548,NA
"3961",1989-11-10,13.5926178476208,NA
"3962",1989-11-11,13.0017674515451,NA
"3963",1989-11-12,12.5409234881437,NA
"3964",1989-11-13,13.5256065435857,NA
"3965",1989-11-14,14.5511129067178,NA
"3966",1989-11-15,15.7822625813468,NA
"3967",1989-11-16,16.8877923437991,NA
"3968",1989-11-17,17.0189047758621,NA
"3969",1989-11-18,16.8976472754182,NA
"3970",1989-11-19,16.6236107047877,NA
"3971",1989-11-20,16.6531190084316,NA
"3972",1989-11-21,16.9861562216089,NA
"3973",1989-11-22,17.5148300657169,NA
"3974",1989-11-23,17.8043393608349,NA
"3975",1989-11-24,18.1329473635949,NA
"3976",1989-11-25,18.9323546343084,NA
"3977",1989-11-26,19.7712467532701,NA
"3978",1989-11-27,20.1486927516122,NA
"3979",1989-11-28,20.3015510671708,NA
"3980",1989-11-29,20.2703804545042,NA
"3981",1989-11-30,20.0968214402774,NA
"3982",1989-12-01,20.8775926143461,NA
"3983",1989-12-02,20.7121081644049,NA
"3984",1989-12-03,20.1741270575839,NA
"3985",1989-12-04,19.4784111122244,NA
"3986",1989-12-05,18.9343579069846,NA
"3987",1989-12-06,18.6385021458579,NA
"3988",1989-12-07,18.8790277775918,NA
"3989",1989-12-08,18.7382983921076,NA
"3990",1989-12-09,19.3512650138342,NA
"3991",1989-12-10,20.3560092980233,NA
"3992",1989-12-11,21.0323929967527,NA
"3993",1989-12-12,20.9255551981742,NA
"3994",1989-12-13,20.2160669651172,NA
"3995",1989-12-14,19.2558644351095,NA
"3996",1989-12-15,18.3131654113881,NA
"3997",1989-12-16,17.5165923246866,NA
"3998",1989-12-17,17.4093729515456,NA
"3999",1989-12-18,17.7596780608902,NA
"4000",1989-12-19,18.2486439819094,NA
"4001",1989-12-20,18.3728040328395,NA
"4002",1989-12-21,18.6541885630941,NA
"4003",1989-12-22,18.856413521993,NA
"4004",1989-12-23,19.3172386550451,NA
"4005",1989-12-24,19.4119177310369,NA
"4006",1989-12-25,19.3825711069735,NA
"4007",1989-12-26,18.887066612758,NA
"4008",1989-12-27,18.8356363569318,NA
"4009",1989-12-28,18.8835537921294,NA
"4010",1989-12-29,19.432767310426,NA
"4011",1989-12-30,19.3230841875045,NA
"4012",1989-12-31,19.3026365991734,NA
"4013",1990-01-01,18.5601520334084,NA
"4014",1990-01-02,19.7606573132742,NA
"4015",1990-01-03,20.5575521126353,NA
"4016",1990-01-04,20.6310242235948,NA
"4017",1990-01-05,20.4941472271578,NA
"4018",1990-01-06,20.5926211814649,NA
"4019",1990-01-07,19.9383086250135,NA
"4020",1990-01-08,20.2625374482354,NA
"4021",1990-01-09,19.6449803456618,NA
"4022",1990-01-10,19.7592263968214,NA
"4023",1990-01-11,20.7849960189696,NA
"4024",1990-01-12,20.8153273670419,NA
"4025",1990-01-13,20.5870789134334,NA
"4026",1990-01-14,20.4739718133008,NA
"4027",1990-01-15,19.7500264854131,NA
"4028",1990-01-16,18.8853435695135,NA
"4029",1990-01-17,18.7314841602239,NA
"4030",1990-01-18,17.9884483135837,NA
"4031",1990-01-19,18.0832543271815,NA
"4032",1990-01-20,18.0411568888578,NA
"4033",1990-01-21,18.2141572655914,NA
"4034",1990-01-22,19.1102896865199,NA
"4035",1990-01-23,20.5641727023913,NA
"4036",1990-01-24,20.6868919269965,NA
"4037",1990-01-25,20.8725936107721,NA
"4038",1990-01-26,21.2889502530474,NA
"4039",1990-01-27,21.7853128154829,NA
"4040",1990-01-28,21.7293520713156,NA
"4041",1990-01-29,21.6417456976521,NA
"4042",1990-01-30,21.5076831988662,NA
"4043",1990-01-31,20.8365167079631,NA
"4044",1990-02-01,19.8856510918475,NA
"4045",1990-02-02,18.9192474495801,NA
"4046",1990-02-03,18.1623065246544,NA
"4047",1990-02-04,18.0760124955644,NA
"4048",1990-02-05,17.6304315511822,NA
"4049",1990-02-06,16.6169341397374,NA
"4050",1990-02-07,17.517859511278,NA
"4051",1990-02-08,18.4657859178915,NA
"4052",1990-02-09,18.693504820709,NA
"4053",1990-02-10,18.6562248393399,NA
"4054",1990-02-11,18.8062522829754,NA
"4055",1990-02-12,19.0507038425854,NA
"4056",1990-02-13,19.2833250535703,NA
"4057",1990-02-14,19.4589543989569,NA
"4058",1990-02-15,19.9323850478276,NA
"4059",1990-02-16,20.7039294329265,NA
"4060",1990-02-17,20.7065391978737,NA
"4061",1990-02-18,20.8620684532097,NA
"4062",1990-02-19,20.9614267596961,NA
"4063",1990-02-20,21.2898618662993,NA
"4064",1990-02-21,21.5907435625982,NA
"4065",1990-02-22,21.2234084614352,NA
"4066",1990-02-23,20.3358394899115,NA
"4067",1990-02-24,20.3619305163066,NA
"4068",1990-02-25,20.4339402184676,NA
"4069",1990-02-26,20.5322403479548,NA
"4070",1990-02-27,20.3814301279023,NA
"4071",1990-02-28,19.7079165634233,NA
"4072",1990-03-01,19.8514369790226,NA
"4073",1990-03-02,20.5556176386585,NA
"4074",1990-03-03,21.1493501955495,NA
"4075",1990-03-04,21.4959960196743,NA
"4076",1990-03-05,21.5269428455415,NA
"4077",1990-03-06,20.8923431866186,NA
"4078",1990-03-07,20.4033917532015,NA
"4079",1990-03-08,20.2779715853799,NA
"4080",1990-03-09,19.7916794074474,NA
"4081",1990-03-10,19.177958175739,NA
"4082",1990-03-11,17.9245557469669,NA
"4083",1990-03-12,16.7919405935778,NA
"4084",1990-03-13,17.1552682907446,NA
"4085",1990-03-14,17.6417471470199,NA
"4086",1990-03-15,16.8231822470282,NA
"4087",1990-03-16,16.5208950779591,NA
"4088",1990-03-17,16.6447542859234,NA
"4089",1990-03-18,16.8085098862733,NA
"4090",1990-03-19,17.2066071201851,NA
"4091",1990-03-20,17.0183032876784,NA
"4092",1990-03-21,16.8900190998014,NA
"4093",1990-03-22,17.8487440436171,NA
"4094",1990-03-23,18.5038941851498,NA
"4095",1990-03-24,18.9908117558,NA
"4096",1990-03-25,19.8688028826779,NA
"4097",1990-03-26,20.6903192305846,NA
"4098",1990-03-27,21.2504883443351,NA
"4099",1990-03-28,21.0197276907912,NA
"4100",1990-03-29,20.4874728356239,NA
"4101",1990-03-30,19.7826643847738,NA
"4102",1990-03-31,18.9124538271519,NA
"4103",1990-04-01,18.083891945043,NA
"4104",1990-04-02,16.7359909398891,NA
"4105",1990-04-03,15.9616145970105,NA
"4106",1990-04-04,16.6498416813075,NA
"4107",1990-04-05,17.4713377502907,NA
"4108",1990-04-06,17.8971001291209,NA
"4109",1990-04-07,17.7340808986394,NA
"4110",1990-04-08,17.7516069901897,NA
"4111",1990-04-09,18.4272378000285,NA
"4112",1990-04-10,18.6943255595602,NA
"4113",1990-04-11,18.5159131602987,NA
"4114",1990-04-12,18.3820894832237,NA
"4115",1990-04-13,18.4612037663322,NA
"4116",1990-04-14,18.2996989267635,NA
"4117",1990-04-15,17.8118244603812,NA
"4118",1990-04-16,17.0841541734445,NA
"4119",1990-04-17,16.4449611997835,NA
"4120",1990-04-18,15.8985262682941,NA
"4121",1990-04-19,15.2753454752978,NA
"4122",1990-04-20,14.953012629466,NA
"4123",1990-04-21,15.0890655089187,NA
"4124",1990-04-22,15.2196531295784,NA
"4125",1990-04-23,15.4021915880484,NA
"4126",1990-04-24,15.5395854620879,NA
"4127",1990-04-25,15.2106131530693,NA
"4128",1990-04-26,14.4630677597926,NA
"4129",1990-04-27,13.484669918395,NA
"4130",1990-04-28,13.3953824369474,NA
"4131",1990-04-29,13.0596649037984,NA
"4132",1990-04-30,12.8423300517092,NA
"4133",1990-05-01,12.9947575286608,NA
"4134",1990-05-02,13.1781566955166,NA
"4135",1990-05-03,13.7101534261823,NA
"4136",1990-05-04,14.8179467210517,NA
"4137",1990-05-05,15.1791887372527,NA
"4138",1990-05-06,15.2753782040022,NA
"4139",1990-05-07,14.62240069408,NA
"4140",1990-05-08,13.8450759241152,NA
"4141",1990-05-09,14.1992370665199,NA
"4142",1990-05-10,14.1309196038932,NA
"4143",1990-05-11,13.8146577676288,NA
"4144",1990-05-12,13.2849903063081,NA
"4145",1990-05-13,12.9494013142809,NA
"4146",1990-05-14,13.1091537295441,NA
"4147",1990-05-15,13.2370583957309,NA
"4148",1990-05-16,13.0790053725698,NA
"4149",1990-05-17,12.6380400960783,NA
"4150",1990-05-18,11.7409294674305,NA
"4151",1990-05-19,11.3191234029011,NA
"4152",1990-05-20,11.025552124644,NA
"4153",1990-05-21,10.7007098710754,NA
"4154",1990-05-22,10.3347060594015,NA
"4155",1990-05-23,9.76836659890926,NA
"4156",1990-05-24,9.67922556059187,NA
"4157",1990-05-25,9.69334302341946,NA
"4158",1990-05-26,9.92440382213523,NA
"4159",1990-05-27,10.2318762787615,NA
"4160",1990-05-28,10.5992542356782,NA
"4161",1990-05-29,10.5937197115801,NA
"4162",1990-05-30,10.7627877280375,NA
"4163",1990-05-31,10.8261926398483,NA
"4164",1990-06-01,10.6601698632564,NA
"4165",1990-06-02,10.3186382726287,NA
"4166",1990-06-03,10.4887741556072,NA
"4167",1990-06-04,10.5394750652395,NA
"4168",1990-06-05,10.4589210868593,NA
"4169",1990-06-06,9.91191438504179,NA
"4170",1990-06-07,9.76411942293506,NA
"4171",1990-06-08,10.0385581765452,NA
"4172",1990-06-09,10.436718959875,NA
"4173",1990-06-10,10.1310298968921,NA
"4174",1990-06-11,9.82491474564606,NA
"4175",1990-06-12,10.1024317564455,NA
"4176",1990-06-13,10.0052825734733,NA
"4177",1990-06-14,9.67126123537461,NA
"4178",1990-06-15,9.29402764588861,NA
"4179",1990-06-16,8.86492016344696,NA
"4180",1990-06-17,8.59143612965706,NA
"4181",1990-06-18,8.50464215855192,NA
"4182",1990-06-19,8.03043228097103,NA
"4183",1990-06-20,8.05168713919974,NA
"4184",1990-06-21,8.33466810041261,NA
"4185",1990-06-22,8.69659394588623,NA
"4186",1990-06-23,8.7792201763093,NA
"4187",1990-06-24,8.94154093383752,NA
"4188",1990-06-25,8.69557403149465,NA
"4189",1990-06-26,8.41294219984113,NA
"4190",1990-06-27,7.73583330331724,NA
"4191",1990-06-28,7.44701176759648,NA
"4192",1990-06-29,7.29965632038112,NA
"4193",1990-06-30,7.06637779743175,NA
"4194",1990-07-01,6.81371368854845,NA
"4195",1990-07-02,7.00176332789237,NA
"4196",1990-07-03,7.39079947309119,NA
"4197",1990-07-04,8.289545216623,NA
"4198",1990-07-05,7.84939970250812,NA
"4199",1990-07-06,7.71550148498521,NA
"4200",1990-07-07,8.08515770537041,NA
"4201",1990-07-08,8.65924490125073,NA
"4202",1990-07-09,8.98348583953619,NA
"4203",1990-07-10,8.8396536682867,NA
"4204",1990-07-11,8.48395083215866,NA
"4205",1990-07-12,9.00474812472077,NA
"4206",1990-07-13,9.10128570385269,NA
"4207",1990-07-14,9.21810939503288,NA
"4208",1990-07-15,9.48163732850425,NA
"4209",1990-07-16,9.81617727809534,NA
"4210",1990-07-17,10.6537898053744,NA
"4211",1990-07-18,10.7335636087082,NA
"4212",1990-07-19,10.7710025164838,NA
"4213",1990-07-20,10.9115543826185,NA
"4214",1990-07-21,10.5986834393167,NA
"4215",1990-07-22,10.1182098729434,NA
"4216",1990-07-23,9.97263291203255,NA
"4217",1990-07-24,9.58662875831387,NA
"4218",1990-07-25,9.50213604345579,NA
"4219",1990-07-26,9.35469788807445,NA
"4220",1990-07-27,8.9729594540378,NA
"4221",1990-07-28,8.74758488597985,NA
"4222",1990-07-29,8.51026399612789,NA
"4223",1990-07-30,7.92148529343222,NA
"4224",1990-07-31,7.72480220620043,NA
"4225",1990-08-01,8.08166542885055,NA
"4226",1990-08-02,8.28920557631357,NA
"4227",1990-08-03,8.73173097021504,NA
"4228",1990-08-04,9.12370365044126,NA
"4229",1990-08-05,9.38171067224313,NA
"4230",1990-08-06,9.68210783323794,NA
"4231",1990-08-07,9.64972196936574,NA
"4232",1990-08-08,9.3957207843197,NA
"4233",1990-08-09,9.10692883801523,NA
"4234",1990-08-10,8.58113940787145,NA
"4235",1990-08-11,8.25188287694442,NA
"4236",1990-08-12,8.12732552169309,NA
"4237",1990-08-13,8.08975090477713,NA
"4238",1990-08-14,8.09912851693005,NA
"4239",1990-08-15,8.18938163303506,NA
"4240",1990-08-16,8.35406446955588,NA
"4241",1990-08-17,8.43008755719122,NA
"4242",1990-08-18,8.50297137895373,NA
"4243",1990-08-19,8.93714931375099,NA
"4244",1990-08-20,9.16337379372091,NA
"4245",1990-08-21,8.88886183237409,NA
"4246",1990-08-22,8.52683134957919,NA
"4247",1990-08-23,8.68307107975524,NA
"4248",1990-08-24,8.72419363695122,NA
"4249",1990-08-25,8.48250539434302,NA
"4250",1990-08-26,7.82319619227866,NA
"4251",1990-08-27,7.5749185885857,NA
"4252",1990-08-28,8.20266791679151,NA
"4253",1990-08-29,8.66644104612455,NA
"4254",1990-08-30,8.82073139441176,NA
"4255",1990-08-31,8.93274016346959,NA
"4256",1990-09-01,9.54428491198144,NA
"4257",1990-09-02,9.88650660405168,NA
"4258",1990-09-03,9.85115522996985,NA
"4259",1990-09-04,9.7231485675828,NA
"4260",1990-09-05,9.85485492203798,NA
"4261",1990-09-06,9.7990141828511,NA
"4262",1990-09-07,9.78254738503119,NA
"4263",1990-09-08,9.59447670179708,NA
"4264",1990-09-09,10.1823088142509,NA
"4265",1990-09-10,11.0660303600911,NA
"4266",1990-09-11,11.6829549232432,NA
"4267",1990-09-12,11.5151450160976,NA
"4268",1990-09-13,11.3008360419092,NA
"4269",1990-09-14,11.4630371219806,NA
"4270",1990-09-15,11.5230467482083,NA
"4271",1990-09-16,10.9031327814167,NA
"4272",1990-09-17,10.4293484840584,NA
"4273",1990-09-18,10.2187433213007,NA
"4274",1990-09-19,11.2025857286341,NA
"4275",1990-09-20,12.2250136271642,NA
"4276",1990-09-21,12.0828031019682,NA
"4277",1990-09-22,11.9624760467234,NA
"4278",1990-09-23,12.7871489862105,NA
"4279",1990-09-24,13.6308185883133,NA
"4280",1990-09-25,13.5082776850882,NA
"4281",1990-09-26,12.3698369148127,NA
"4282",1990-09-27,11.8564257308693,NA
"4283",1990-09-28,12.2748643602824,NA
"4284",1990-09-29,12.7196331553041,NA
"4285",1990-09-30,12.5349283874487,NA
"4286",1990-10-01,12.038393381783,NA
"4287",1990-10-02,11.7779261386595,NA
"4288",1990-10-03,12.2438812257403,NA
"4289",1990-10-04,12.7206139328424,NA
"4290",1990-10-05,12.5907326658552,NA
"4291",1990-10-06,12.068089718516,NA
"4292",1990-10-07,11.6446218332617,NA
"4293",1990-10-08,11.1934847523225,NA
"4294",1990-10-09,11.2330657991168,NA
"4295",1990-10-10,11.5640742898666,NA
"4296",1990-10-11,10.8377538293592,NA
"4297",1990-10-12,10.3553377734446,NA
"4298",1990-10-13,10.7927445756271,NA
"4299",1990-10-14,11.7117174819334,NA
"4300",1990-10-15,12.650450654336,NA
"4301",1990-10-16,12.9174988881629,NA
"4302",1990-10-17,12.993089458342,NA
"4303",1990-10-18,13.9411620758466,NA
"4304",1990-10-19,14.0318297732953,NA
"4305",1990-10-20,13.9876099950956,NA
"4306",1990-10-21,13.0253250090493,NA
"4307",1990-10-22,12.2187698698364,NA
"4308",1990-10-23,12.316887058413,NA
"4309",1990-10-24,12.5673206614645,NA
"4310",1990-10-25,12.815214396119,NA
"4311",1990-10-26,14.4752271753318,NA
"4312",1990-10-27,15.8765318430368,NA
"4313",1990-10-28,17.6662050846573,NA
"4314",1990-10-29,19.1336090317163,NA
"4315",1990-10-30,19.770902292617,NA
"4316",1990-10-31,20.2612321029848,NA
"4317",1990-11-01,19.9717380038351,NA
"4318",1990-11-02,19.6317807072708,NA
"4319",1990-11-03,19.1030559417076,NA
"4320",1990-11-04,18.6320392203938,NA
"4321",1990-11-05,18.6420276678988,NA
"4322",1990-11-06,19.1157712455363,NA
"4323",1990-11-07,19.2094834106468,NA
"4324",1990-11-08,19.5214152585067,NA
"4325",1990-11-09,19.4363723662318,NA
"4326",1990-11-10,18.7124303109813,NA
"4327",1990-11-11,17.9242244544479,NA
"4328",1990-11-12,17.1039828615041,NA
"4329",1990-11-13,16.8002751628949,NA
"4330",1990-11-14,15.8476233839967,NA
"4331",1990-11-15,15.4980199852246,NA
"4332",1990-11-16,15.0767294217233,NA
"4333",1990-11-17,15.2576451434396,NA
"4334",1990-11-18,15.337600523956,NA
"4335",1990-11-19,14.9261925903697,NA
"4336",1990-11-20,14.9931643531851,NA
"4337",1990-11-21,15.682820093389,NA
"4338",1990-11-22,15.4822699712439,NA
"4339",1990-11-23,15.6540026703754,NA
"4340",1990-11-24,16.0483000013264,NA
"4341",1990-11-25,16.5675235281758,NA
"4342",1990-11-26,16.5067762244225,NA
"4343",1990-11-27,16.4045324524287,NA
"4344",1990-11-28,16.6908724222065,NA
"4345",1990-11-29,16.9123967246556,NA
"4346",1990-11-30,17.3865324045084,NA
"4347",1990-12-01,18.1306808846049,NA
"4348",1990-12-02,18.8049317119358,NA
"4349",1990-12-03,19.6531916572613,NA
"4350",1990-12-04,20.324535976828,NA
"4351",1990-12-05,20.853051465074,NA
"4352",1990-12-06,21.8073951072711,NA
"4353",1990-12-07,22.1774866086392,NA
"4354",1990-12-08,21.9635896065546,NA
"4355",1990-12-09,21.332538976581,NA
"4356",1990-12-10,20.4720019025667,NA
"4357",1990-12-11,19.1192902763347,NA
"4358",1990-12-12,17.5948526665733,NA
"4359",1990-12-13,15.9218633819818,NA
"4360",1990-12-14,14.9044969850526,NA
"4361",1990-12-15,14.9778164700763,NA
"4362",1990-12-16,15.9299513743092,NA
"4363",1990-12-17,17.8121972202854,NA
"4364",1990-12-18,18.3195569923971,NA
"4365",1990-12-19,18.8439001563986,NA
"4366",1990-12-20,19.0887788127913,NA
"4367",1990-12-21,19.5841676905638,NA
"4368",1990-12-22,19.8848515983472,NA
"4369",1990-12-23,19.237311499555,NA
"4370",1990-12-24,18.127250515325,NA
"4371",1990-12-25,18.2847557798012,NA
"4372",1990-12-26,18.3327986180755,NA
"4373",1990-12-27,18.8459298672207,NA
"4374",1990-12-28,18.6612628252129,NA
"4375",1990-12-29,18.5225964885977,NA
"4376",1990-12-30,19.7805108952999,NA
"4377",1990-12-31,20.7512154869516,NA
"4378",1991-01-01,21.3295696949224,NA
"4379",1991-01-02,22.1726839288967,NA
"4380",1991-01-03,22.6273263060531,NA
"4381",1991-01-04,22.6656998262892,NA
"4382",1991-01-05,22.3622200923051,NA
"4383",1991-01-06,21.8391185388868,NA
"4384",1991-01-07,21.1031741553538,NA
"4385",1991-01-08,20.1727259683953,NA
"4386",1991-01-09,19.2537893298337,NA
"4387",1991-01-10,18.8674351343723,NA
"4388",1991-01-11,19.4217976299378,NA
"4389",1991-01-12,20.0146166392025,NA
"4390",1991-01-13,20.4792148155417,NA
"4391",1991-01-14,20.9889038329841,NA
"4392",1991-01-15,21.0435948966705,NA
"4393",1991-01-16,20.5212809822916,NA
"4394",1991-01-17,19.5014335170133,NA
"4395",1991-01-18,18.8306030826091,NA
"4396",1991-01-19,19.2466638900292,NA
"4397",1991-01-20,19.2785974619497,NA
"4398",1991-01-21,18.9374177543843,NA
"4399",1991-01-22,19.6561504179784,NA
"4400",1991-01-23,20.3622241914278,NA
"4401",1991-01-24,21.0341373388526,NA
"4402",1991-01-25,21.2397205160866,NA
"4403",1991-01-26,21.0331132409617,NA
"4404",1991-01-27,20.6662662306318,NA
"4405",1991-01-28,20.4618114673618,NA
"4406",1991-01-29,19.7566096082651,NA
"4407",1991-01-30,19.5282870736276,NA
"4408",1991-01-31,18.9094212087593,NA
"4409",1991-02-01,18.5290027212685,NA
"4410",1991-02-02,19.155458626386,NA
"4411",1991-02-03,19.9412695698658,NA
"4412",1991-02-04,20.8554672096106,NA
"4413",1991-02-05,20.885777982449,NA
"4414",1991-02-06,20.5188610040944,NA
"4415",1991-02-07,20.7186231424262,NA
"4416",1991-02-08,21.0631142590561,NA
"4417",1991-02-09,20.508456048092,NA
"4418",1991-02-10,19.4917139489184,NA
"4419",1991-02-11,18.2873567556363,NA
"4420",1991-02-12,18.7597461218679,NA
"4421",1991-02-13,19.5321407781938,NA
"4422",1991-02-14,18.9932412814022,NA
"4423",1991-02-15,18.2273835045577,NA
"4424",1991-02-16,17.6963617669127,NA
"4425",1991-02-17,18.0109380700309,NA
"4426",1991-02-18,18.705701497821,NA
"4427",1991-02-19,18.0519468914275,NA
"4428",1991-02-20,16.9249426996295,NA
"4429",1991-02-21,17.5917497035751,NA
"4430",1991-02-22,17.6801877794664,NA
"4431",1991-02-23,18.2814648422125,NA
"4432",1991-02-24,19.33097985074,NA
"4433",1991-02-25,19.7625259771098,NA
"4434",1991-02-26,19.8807933657473,NA
"4435",1991-02-27,20.0707184391038,NA
"4436",1991-02-28,19.7429117662535,NA
"4437",1991-03-01,19.5094896776279,NA
"4438",1991-03-02,18.9435790115435,NA
"4439",1991-03-03,18.2434898148817,NA
"4440",1991-03-04,17.6831923206432,NA
"4441",1991-03-05,18.0765316733317,NA
"4442",1991-03-06,19.271452636082,NA
"4443",1991-03-07,20.2287869010229,NA
"4444",1991-03-08,21.5693965005705,NA
"4445",1991-03-09,21.5949696055644,NA
"4446",1991-03-10,21.0976614811406,NA
"4447",1991-03-11,20.2749357998995,NA
"4448",1991-03-12,19.5370779959417,NA
"4449",1991-03-13,17.9872591876974,NA
"4450",1991-03-14,16.8676657197955,NA
"4451",1991-03-15,15.4138773703864,NA
"4452",1991-03-16,15.761320866878,NA
"4453",1991-03-17,16.9299817559321,NA
"4454",1991-03-18,18.138881639092,NA
"4455",1991-03-19,18.6477393052798,NA
"4456",1991-03-20,18.6964731287645,NA
"4457",1991-03-21,17.9260355902707,NA
"4458",1991-03-22,17.1952679581925,NA
"4459",1991-03-23,16.7225078556568,NA
"4460",1991-03-24,15.5120440370379,NA
"4461",1991-03-25,15.2951980892519,NA
"4462",1991-03-26,14.8608628445706,NA
"4463",1991-03-27,15.1381041177806,NA
"4464",1991-03-28,16.0560117085074,NA
"4465",1991-03-29,17.1981170382382,NA
"4466",1991-03-30,17.4663324518669,NA
"4467",1991-03-31,17.7420905882263,NA
"4468",1991-04-01,16.5409597297394,NA
"4469",1991-04-02,16.4140313959667,NA
"4470",1991-04-03,16.4573981274868,NA
"4471",1991-04-04,16.1145578591729,NA
"4472",1991-04-05,15.3213670267179,NA
"4473",1991-04-06,15.5872666999723,NA
"4474",1991-04-07,15.0751982063803,NA
"4475",1991-04-08,16.0425037705034,NA
"4476",1991-04-09,16.9974256639172,NA
"4477",1991-04-10,17.0950790888763,NA
"4478",1991-04-11,17.30386348556,NA
"4479",1991-04-12,17.7995422020006,NA
"4480",1991-04-13,17.7306783679535,NA
"4481",1991-04-14,17.7210967539917,NA
"4482",1991-04-15,16.9023981177019,NA
"4483",1991-04-16,15.8367703334659,NA
"4484",1991-04-17,15.3763755420052,NA
"4485",1991-04-18,14.3160977057803,NA
"4486",1991-04-19,13.457477291167,NA
"4487",1991-04-20,13.7162011616995,NA
"4488",1991-04-21,13.3417397439258,NA
"4489",1991-04-22,12.9330077312616,NA
"4490",1991-04-23,12.7446855513536,NA
"4491",1991-04-24,12.1858507170558,NA
"4492",1991-04-25,12.25100688078,NA
"4493",1991-04-26,12.0809285292728,NA
"4494",1991-04-27,11.0268866955019,NA
"4495",1991-04-28,10.9404967394938,NA
"4496",1991-04-29,11.2766743207934,NA
"4497",1991-04-30,11.6431140143768,NA
"4498",1991-05-01,12.1526942516272,NA
"4499",1991-05-02,11.8412926353606,NA
"4500",1991-05-03,11.3691412076765,NA
"4501",1991-05-04,11.1987129665894,NA
"4502",1991-05-05,11.643948631527,NA
"4503",1991-05-06,12.1832528271981,NA
"4504",1991-05-07,12.4181403368819,NA
"4505",1991-05-08,11.8382400109394,NA
"4506",1991-05-09,11.9354804212296,NA
"4507",1991-05-10,12.0141592618564,NA
"4508",1991-05-11,11.9549484736654,NA
"4509",1991-05-12,11.5718656024025,NA
"4510",1991-05-13,10.8097974472316,NA
"4511",1991-05-14,10.1388373310592,NA
"4512",1991-05-15,10.1192894003326,NA
"4513",1991-05-16,10.3867310383119,NA
"4514",1991-05-17,10.3745752688561,NA
"4515",1991-05-18,10.6424793837867,NA
"4516",1991-05-19,11.0665832458098,NA
"4517",1991-05-20,11.441207036914,NA
"4518",1991-05-21,11.6749322994789,NA
"4519",1991-05-22,12.3681766372134,NA
"4520",1991-05-23,12.8703302343141,NA
"4521",1991-05-24,13.2672877808659,NA
"4522",1991-05-25,13.3625049002468,NA
"4523",1991-05-26,13.3288941664685,NA
"4524",1991-05-27,13.1345328567908,NA
"4525",1991-05-28,13.0363058478115,NA
"4526",1991-05-29,12.3308611675596,NA
"4527",1991-05-30,11.7341196710731,NA
"4528",1991-05-31,11.6725902980046,NA
"4529",1991-06-01,11.8146070999845,NA
"4530",1991-06-02,11.7949475282601,NA
"4531",1991-06-03,11.8080370418952,NA
"4532",1991-06-04,11.5174609678603,NA
"4533",1991-06-05,11.7750306688403,NA
"4534",1991-06-06,12.2731558858017,NA
"4535",1991-06-07,12.2136156332776,NA
"4536",1991-06-08,12.0096544006684,NA
"4537",1991-06-09,12.0771601337677,NA
"4538",1991-06-10,12.3671060709872,NA
"4539",1991-06-11,12.9690248327584,NA
"4540",1991-06-12,13.1148707383076,NA
"4541",1991-06-13,12.698614504529,NA
"4542",1991-06-14,12.5123443623584,NA
"4543",1991-06-15,12.3074182087143,NA
"4544",1991-06-16,12.198493515344,NA
"4545",1991-06-17,11.6369827159775,NA
"4546",1991-06-18,10.8576339990465,NA
"4547",1991-06-19,10.4124781113782,NA
"4548",1991-06-20,10.3561429258061,NA
"4549",1991-06-21,10.0746823297181,NA
"4550",1991-06-22,9.9456148287282,NA
"4551",1991-06-23,9.7934982043265,NA
"4552",1991-06-24,10.3207058766788,NA
"4553",1991-06-25,11.2498107415111,NA
"4554",1991-06-26,10.8861892776266,NA
"4555",1991-06-27,10.6914894295202,NA
"4556",1991-06-28,10.9329868551545,NA
"4557",1991-06-29,10.9967332715623,NA
"4558",1991-06-30,10.9521807777663,NA
"4559",1991-07-01,10.6358399485401,NA
"4560",1991-07-02,9.87574927405052,NA
"4561",1991-07-03,10.5812041405302,NA
"4562",1991-07-04,10.9462933086457,NA
"4563",1991-07-05,10.7314721792082,NA
"4564",1991-07-06,10.4881658786425,NA
"4565",1991-07-07,9.96938102479709,NA
"4566",1991-07-08,9.82525640947413,NA
"4567",1991-07-09,9.46509347845987,NA
"4568",1991-07-10,9.00794417483367,NA
"4569",1991-07-11,8.5091988183086,NA
"4570",1991-07-12,8.49352738622651,NA
"4571",1991-07-13,8.74309943262618,NA
"4572",1991-07-14,9.18882637910299,NA
"4573",1991-07-15,9.16799989352935,NA
"4574",1991-07-16,9.13916935625055,NA
"4575",1991-07-17,8.861857211078,NA
"4576",1991-07-18,8.85542359344922,NA
"4577",1991-07-19,9.13060819758497,NA
"4578",1991-07-20,8.8867620648569,NA
"4579",1991-07-21,8.46336979722107,NA
"4580",1991-07-22,7.80516104162969,NA
"4581",1991-07-23,7.83087838784396,NA
"4582",1991-07-24,7.89822379872924,NA
"4583",1991-07-25,7.52390357840824,NA
"4584",1991-07-26,6.98250574861262,NA
"4585",1991-07-27,6.65870837934225,NA
"4586",1991-07-28,6.82265308185732,NA
"4587",1991-07-29,7.31811890697164,NA
"4588",1991-07-30,7.66440117731188,NA
"4589",1991-07-31,7.69743398144553,NA
"4590",1991-08-01,7.80175279501107,NA
"4591",1991-08-02,7.95639664679976,NA
"4592",1991-08-03,8.39546611420303,NA
"4593",1991-08-04,8.9094934151532,NA
"4594",1991-08-05,9.16076222145096,NA
"4595",1991-08-06,9.26565394246055,NA
"4596",1991-08-07,9.19338238331488,NA
"4597",1991-08-08,9.2286492645749,NA
"4598",1991-08-09,9.4386454521737,NA
"4599",1991-08-10,9.41690525120625,NA
"4600",1991-08-11,8.92590376033433,NA
"4601",1991-08-12,9.04352150477335,NA
"4602",1991-08-13,8.73603683592538,NA
"4603",1991-08-14,9.09244709147621,NA
"4604",1991-08-15,9.01389967171866,NA
"4605",1991-08-16,8.44679429039511,NA
"4606",1991-08-17,7.90019778464651,NA
"4607",1991-08-18,7.72384033959132,NA
"4608",1991-08-19,7.52680410232432,NA
"4609",1991-08-20,7.52398797387469,NA
"4610",1991-08-21,7.23861987669501,NA
"4611",1991-08-22,7.89667145317977,NA
"4612",1991-08-23,7.90066663776188,NA
"4613",1991-08-24,8.04546685622742,NA
"4614",1991-08-25,8.1504027628938,NA
"4615",1991-08-26,8.04464345614548,NA
"4616",1991-08-27,8.04888501186897,NA
"4617",1991-08-28,8.24586007924037,NA
"4618",1991-08-29,7.92017294238916,NA
"4619",1991-08-30,7.93919996125981,NA
"4620",1991-08-31,8.1081275618742,NA
"4621",1991-09-01,8.0539514403213,NA
"4622",1991-09-02,8.23679617624162,NA
"4623",1991-09-03,8.71624063735477,NA
"4624",1991-09-04,9.22159407373827,NA
"4625",1991-09-05,9.92543523451793,NA
"4626",1991-09-06,11.1000509610785,NA
"4627",1991-09-07,12.4301512324396,NA
"4628",1991-09-08,12.6820936458727,NA
"4629",1991-09-09,12.922558701639,NA
"4630",1991-09-10,12.5604434119342,NA
"4631",1991-09-11,11.5791309387969,NA
"4632",1991-09-12,10.4315613742511,NA
"4633",1991-09-13,9.74636609405928,NA
"4634",1991-09-14,9.17809219851,NA
"4635",1991-09-15,9.43084347344878,NA
"4636",1991-09-16,9.51503850232802,NA
"4637",1991-09-17,9.74108289775434,NA
"4638",1991-09-18,10.3648038199864,NA
"4639",1991-09-19,10.5175097106501,NA
"4640",1991-09-20,10.461205760858,NA
"4641",1991-09-21,9.64806819625236,NA
"4642",1991-09-22,9.36525493001921,NA
"4643",1991-09-23,8.91653259976757,NA
"4644",1991-09-24,9.32264245876492,NA
"4645",1991-09-25,9.96333147009978,NA
"4646",1991-09-26,10.2566522067942,NA
"4647",1991-09-27,10.8300972114257,NA
"4648",1991-09-28,11.5758649051018,NA
"4649",1991-09-29,12.1191518905382,NA
"4650",1991-09-30,12.7064879261384,NA
"4651",1991-10-01,13.1624805536434,NA
"4652",1991-10-02,12.9377378360026,NA
"4653",1991-10-03,14.0202742810658,NA
"4654",1991-10-04,14.8656092401592,NA
"4655",1991-10-05,16.1825002159199,NA
"4656",1991-10-06,16.5159329542499,NA
"4657",1991-10-07,16.4358682900786,NA
"4658",1991-10-08,15.7746372938906,NA
"4659",1991-10-09,15.9068655687045,NA
"4660",1991-10-10,15.4478392406354,NA
"4661",1991-10-11,14.8338045581984,NA
"4662",1991-10-12,14.0207105827003,NA
"4663",1991-10-13,13.5442867591091,NA
"4664",1991-10-14,14.4653300228374,NA
"4665",1991-10-15,15.7861457005451,NA
"4666",1991-10-16,15.1697853675259,NA
"4667",1991-10-17,15.0716793543711,NA
"4668",1991-10-18,15.2661983547516,NA
"4669",1991-10-19,15.693331158944,NA
"4670",1991-10-20,16.824606213029,NA
"4671",1991-10-21,16.3599392547311,NA
"4672",1991-10-22,15.3667684629821,NA
"4673",1991-10-23,16.0403484928444,NA
"4674",1991-10-24,16.3836606310461,NA
"4675",1991-10-25,15.8850243505749,NA
"4676",1991-10-26,14.6339894689949,NA
"4677",1991-10-27,13.2722532844651,NA
"4678",1991-10-28,13.2671454708271,NA
"4679",1991-10-29,14.414207169845,NA
"4680",1991-10-30,15.2020508610535,NA
"4681",1991-10-31,14.6620497196188,NA
"4682",1991-11-01,14.869437922171,NA
"4683",1991-11-02,16.1788240564763,NA
"4684",1991-11-03,17.4746440951345,NA
"4685",1991-11-04,17.2723275102542,NA
"4686",1991-11-05,16.5318755402416,NA
"4687",1991-11-06,15.9716813500702,NA
"4688",1991-11-07,16.0914974912426,NA
"4689",1991-11-08,15.7652385859964,NA
"4690",1991-11-09,14.506815960432,NA
"4691",1991-11-10,12.9262469520894,NA
"4692",1991-11-11,12.7763462686603,NA
"4693",1991-11-12,12.3162680935562,NA
"4694",1991-11-13,11.8260714865471,NA
"4695",1991-11-14,12.9810256757907,NA
"4696",1991-11-15,13.8172097332926,NA
"4697",1991-11-16,14.195289999723,NA
"4698",1991-11-17,15.1728402402438,NA
"4699",1991-11-18,16.630820372093,NA
"4700",1991-11-19,17.2707438412166,NA
"4701",1991-11-20,17.2187787777409,NA
"4702",1991-11-21,16.4498615654144,NA
"4703",1991-11-22,16.3991516810422,NA
"4704",1991-11-23,16.9541144747065,NA
"4705",1991-11-24,17.9173533600181,NA
"4706",1991-11-25,18.1003791086792,NA
"4707",1991-11-26,18.1076960444583,NA
"4708",1991-11-27,18.2695410106877,NA
"4709",1991-11-28,18.6618652895568,NA
"4710",1991-11-29,18.0347017046457,NA
"4711",1991-11-30,17.3966641999444,NA
"4712",1991-12-01,15.9075644075983,NA
"4713",1991-12-02,15.4155294852824,NA
"4714",1991-12-03,15.6017370768853,NA
"4715",1991-12-04,15.498791901622,NA
"4716",1991-12-05,15.2164122734976,NA
"4717",1991-12-06,15.7599793125806,NA
"4718",1991-12-07,16.3356797347289,NA
"4719",1991-12-08,17.2313665212872,NA
"4720",1991-12-09,17.3846333471001,NA
"4721",1991-12-10,16.6721022687173,NA
"4722",1991-12-11,17.0400778528788,NA
"4723",1991-12-12,17.9998576128687,NA
"4724",1991-12-13,18.5889825099459,NA
"4725",1991-12-14,18.9194954212383,NA
"4726",1991-12-15,18.3114912226872,NA
"4727",1991-12-16,17.0785711558043,NA
"4728",1991-12-17,16.8291640202751,NA
"4729",1991-12-18,16.3601103347274,NA
"4730",1991-12-19,15.4669992576419,NA
"4731",1991-12-20,15.0083464319107,NA
"4732",1991-12-21,14.4618982867084,NA
"4733",1991-12-22,14.4934076544925,NA
"4734",1991-12-23,15.3390281530371,NA
"4735",1991-12-24,16.6878065624253,NA
"4736",1991-12-25,18.5409630321489,NA
"4737",1991-12-26,19.8679820959347,NA
"4738",1991-12-27,20.3509472557909,NA
"4739",1991-12-28,20.4859306342085,NA
"4740",1991-12-29,20.7728308349066,NA
"4741",1991-12-30,20.8837353951794,NA
"4742",1991-12-31,20.5831297204186,NA
"4743",1992-01-01,19.7302495825625,NA
"4744",1992-01-02,18.5001507346098,NA
"4745",1992-01-03,17.9310208810424,NA
"4746",1992-01-04,17.5238564015792,NA
"4747",1992-01-05,17.0379783188513,NA
"4748",1992-01-06,16.3301773156714,NA
"4749",1992-01-07,15.8720488234846,NA
"4750",1992-01-08,15.4190629751973,NA
"4751",1992-01-09,15.3034319828215,NA
"4752",1992-01-10,15.3150188212545,NA
"4753",1992-01-11,15.6795920383027,NA
"4754",1992-01-12,15.6693271165471,NA
"4755",1992-01-13,16.3385304617906,NA
"4756",1992-01-14,16.5341702095121,NA
"4757",1992-01-15,17.0996024613175,NA
"4758",1992-01-16,16.7882211444713,NA
"4759",1992-01-17,16.5312970938921,NA
"4760",1992-01-18,16.6446124669546,NA
"4761",1992-01-19,18.0802862544455,NA
"4762",1992-01-20,18.9923411163257,NA
"4763",1992-01-21,20.0644427494694,NA
"4764",1992-01-22,20.6602598555408,NA
"4765",1992-01-23,20.9005025973642,NA
"4766",1992-01-24,20.7686787417933,NA
"4767",1992-01-25,20.7101276079309,NA
"4768",1992-01-26,19.745834891577,NA
"4769",1992-01-27,18.9302194277451,NA
"4770",1992-01-28,17.480861401239,NA
"4771",1992-01-29,16.3448580054665,NA
"4772",1992-01-30,16.603943582053,NA
"4773",1992-01-31,17.2044597365813,NA
"4774",1992-02-01,17.0781282335639,NA
"4775",1992-02-02,17.7766490410225,NA
"4776",1992-02-03,18.0338396494358,NA
"4777",1992-02-04,19.042289464054,NA
"4778",1992-02-05,19.8558817967682,NA
"4779",1992-02-06,19.6495053011209,NA
"4780",1992-02-07,19.514972792688,NA
"4781",1992-02-08,19.9198273063424,NA
"4782",1992-02-09,19.7395418782038,NA
"4783",1992-02-10,19.360942241527,NA
"4784",1992-02-11,19.0561279135931,NA
"4785",1992-02-12,18.4198098057503,NA
"4786",1992-02-13,18.3394424826024,NA
"4787",1992-02-14,18.3875003129838,NA
"4788",1992-02-15,18.4469889136045,NA
"4789",1992-02-16,18.9749389573405,NA
"4790",1992-02-17,20.0339488288757,NA
"4791",1992-02-18,19.878664934037,NA
"4792",1992-02-19,19.7045802947857,NA
"4793",1992-02-20,19.876800448173,NA
"4794",1992-02-21,20.2732696720794,NA
"4795",1992-02-22,20.3255953846442,NA
"4796",1992-02-23,19.3023789292553,NA
"4797",1992-02-24,17.4856095592123,NA
"4798",1992-02-25,16.9225379734167,NA
"4799",1992-02-26,16.8269643555083,NA
"4800",1992-02-27,16.9967603653562,NA
"4801",1992-02-28,17.3566799913608,NA
"4802",1992-02-29,17.6502284787371,NA
"4803",1992-03-01,18.5222242281231,NA
"4804",1992-03-02,19.709908706434,NA
"4805",1992-03-03,20.3251481549058,NA
"4806",1992-03-04,20.7854601198767,NA
"4807",1992-03-05,21.0573745291312,NA
"4808",1992-03-06,20.4791079325463,NA
"4809",1992-03-07,19.9258323776556,NA
"4810",1992-03-08,19.6757357561643,NA
"4811",1992-03-09,19.6767744101522,NA
"4812",1992-03-10,20.1959719274112,NA
"4813",1992-03-11,20.2075431779705,NA
"4814",1992-03-12,20.3967731510807,NA
"4815",1992-03-13,21.0002229041483,NA
"4816",1992-03-14,21.1813209017055,NA
"4817",1992-03-15,20.6997879625828,NA
"4818",1992-03-16,19.789583385857,NA
"4819",1992-03-17,18.6424224670555,NA
"4820",1992-03-18,18.0655124022832,NA
"4821",1992-03-19,17.4075071430337,NA
"4822",1992-03-20,16.3123205691386,NA
"4823",1992-03-21,15.4583314610844,NA
"4824",1992-03-22,16.3191426491444,NA
"4825",1992-03-23,17.1709279056902,NA
"4826",1992-03-24,17.8289568930703,NA
"4827",1992-03-25,18.7082137745826,NA
"4828",1992-03-26,19.2827067835095,NA
"4829",1992-03-27,18.881566169891,NA
"4830",1992-03-28,19.1204701558277,NA
"4831",1992-03-29,18.4902950405509,NA
"4832",1992-03-30,18.1779769319196,NA
"4833",1992-03-31,18.2467103539284,NA
"4834",1992-04-01,17.3289251675016,NA
"4835",1992-04-02,17.054690764826,NA
"4836",1992-04-03,18.3583030381984,NA
"4837",1992-04-04,19.1939553191696,NA
"4838",1992-04-05,19.9405946818863,NA
"4839",1992-04-06,19.779539939157,NA
"4840",1992-04-07,18.8581232903457,NA
"4841",1992-04-08,18.2811004137471,NA
"4842",1992-04-09,17.2443399484945,NA
"4843",1992-04-10,16.1465843627462,NA
"4844",1992-04-11,15.3570190912165,NA
"4845",1992-04-12,14.8938496666658,NA
"4846",1992-04-13,15.0744089076762,NA
"4847",1992-04-14,16.3842687099037,NA
"4848",1992-04-15,17.0800930940708,NA
"4849",1992-04-16,16.9639063043393,NA
"4850",1992-04-17,16.7430991759134,NA
"4851",1992-04-18,16.6356780966552,NA
"4852",1992-04-19,16.6958944948027,NA
"4853",1992-04-20,16.0817151786863,NA
"4854",1992-04-21,14.1029800502782,NA
"4855",1992-04-22,13.0013075570653,NA
"4856",1992-04-23,12.714857146912,NA
"4857",1992-04-24,12.5489989856329,NA
"4858",1992-04-25,11.9178548640877,NA
"4859",1992-04-26,10.9478769506904,NA
"4860",1992-04-27,11.1954386997274,NA
"4861",1992-04-28,11.9625259994597,NA
"4862",1992-04-29,12.6678158797761,NA
"4863",1992-04-30,12.9741594703859,NA
"4864",1992-05-01,13.4132077932912,NA
"4865",1992-05-02,13.5993765585948,NA
"4866",1992-05-03,13.7931254988137,NA
"4867",1992-05-04,13.9905379088245,NA
"4868",1992-05-05,14.5676898862818,NA
"4869",1992-05-06,14.9114820940007,NA
"4870",1992-05-07,15.7500151782366,NA
"4871",1992-05-08,15.8430391536004,NA
"4872",1992-05-09,15.4910581220988,NA
"4873",1992-05-10,15.0122931249505,NA
"4874",1992-05-11,14.9406851041878,NA
"4875",1992-05-12,14.5415701219028,NA
"4876",1992-05-13,13.9297656369525,NA
"4877",1992-05-14,12.9465510170083,NA
"4878",1992-05-15,12.1455001730887,NA
"4879",1992-05-16,12.055347069149,NA
"4880",1992-05-17,12.0157291265772,NA
"4881",1992-05-18,11.3080042415045,NA
"4882",1992-05-19,10.7518594140233,NA
"4883",1992-05-20,10.1394489411093,NA
"4884",1992-05-21,9.63365015645612,NA
"4885",1992-05-22,9.42242677086806,NA
"4886",1992-05-23,9.14570575009926,NA
"4887",1992-05-24,8.80912566759674,NA
"4888",1992-05-25,8.66344860390863,NA
"4889",1992-05-26,8.38042186158503,NA
"4890",1992-05-27,8.8182619726904,NA
"4891",1992-05-28,8.97928266494492,NA
"4892",1992-05-29,8.99414856574511,NA
"4893",1992-05-30,9.22112248720401,NA
"4894",1992-05-31,9.84952021899743,NA
"4895",1992-06-01,10.4594090248911,NA
"4896",1992-06-02,10.4362343736578,NA
"4897",1992-06-03,10.201258133537,NA
"4898",1992-06-04,10.2350581353748,NA
"4899",1992-06-05,10.5428037709886,NA
"4900",1992-06-06,10.3983351460992,NA
"4901",1992-06-07,9.79230986889102,NA
"4902",1992-06-08,8.70189217176859,NA
"4903",1992-06-09,8.64613099012198,NA
"4904",1992-06-10,8.2680143149797,NA
"4905",1992-06-11,8.40326227220888,NA
"4906",1992-06-12,8.28210684473807,NA
"4907",1992-06-13,7.99605693887533,NA
"4908",1992-06-14,7.83645919251471,NA
"4909",1992-06-15,7.70506117039712,NA
"4910",1992-06-16,7.55389954567877,NA
"4911",1992-06-17,7.97194326401724,NA
"4912",1992-06-18,7.92421471764621,NA
"4913",1992-06-19,8.05656549186204,NA
"4914",1992-06-20,8.00072582542983,NA
"4915",1992-06-21,7.96957451222299,NA
"4916",1992-06-22,8.20898047774478,NA
"4917",1992-06-23,8.33580241548824,NA
"4918",1992-06-24,8.2227836547105,NA
"4919",1992-06-25,8.25150560824411,NA
"4920",1992-06-26,8.52542511553875,NA
"4921",1992-06-27,9.12160073299407,NA
"4922",1992-06-28,9.50433332272974,NA
"4923",1992-06-29,9.82460183399667,NA
"4924",1992-06-30,10.2589231046118,NA
"4925",1992-07-01,10.501655624691,NA
"4926",1992-07-02,10.702114071846,NA
"4927",1992-07-03,10.780844330639,NA
"4928",1992-07-04,10.3671415507413,NA
"4929",1992-07-05,10.3947280755934,NA
"4930",1992-07-06,10.3282223959421,NA
"4931",1992-07-07,10.1820796585919,NA
"4932",1992-07-08,9.92751381376063,NA
"4933",1992-07-09,9.29389958608498,NA
"4934",1992-07-10,8.3701913333343,NA
"4935",1992-07-11,8.24108768843039,NA
"4936",1992-07-12,8.21845064040988,NA
"4937",1992-07-13,7.90952940579677,NA
"4938",1992-07-14,7.55330695583222,NA
"4939",1992-07-15,7.30584601520781,NA
"4940",1992-07-16,7.49157998540407,NA
"4941",1992-07-17,7.92585194621148,NA
"4942",1992-07-18,7.96583993678397,NA
"4943",1992-07-19,7.42617035591638,NA
"4944",1992-07-20,7.19652680001159,NA
"4945",1992-07-21,7.03677356360542,NA
"4946",1992-07-22,7.28817881597847,NA
"4947",1992-07-23,7.47356286890471,NA
"4948",1992-07-24,7.54252482332793,NA
"4949",1992-07-25,7.36570264324361,NA
"4950",1992-07-26,7.34598484683742,NA
"4951",1992-07-27,7.67239937221312,NA
"4952",1992-07-28,8.1436778407525,NA
"4953",1992-07-29,8.15817760262176,NA
"4954",1992-07-30,8.07861571002399,NA
"4955",1992-07-31,7.5137293982925,NA
"4956",1992-08-01,7.69886719687321,NA
"4957",1992-08-02,8.14387965780408,NA
"4958",1992-08-03,7.89351965117495,NA
"4959",1992-08-04,7.98216213124268,NA
"4960",1992-08-05,8.32565885806298,NA
"4961",1992-08-06,8.24758028795,NA
"4962",1992-08-07,8.5938441193808,NA
"4963",1992-08-08,8.70152749041797,NA
"4964",1992-08-09,8.47563913434264,NA
"4965",1992-08-10,8.74157401646732,NA
"4966",1992-08-11,8.87932194629835,NA
"4967",1992-08-12,8.16822344293828,NA
"4968",1992-08-13,8.17174192870394,NA
"4969",1992-08-14,8.07326059465025,NA
"4970",1992-08-15,8.10118353915305,NA
"4971",1992-08-16,8.84524702398148,NA
"4972",1992-08-17,8.53140475397269,NA
"4973",1992-08-18,8.24513848209987,NA
"4974",1992-08-19,8.06733532729213,NA
"4975",1992-08-20,7.91373477487057,NA
"4976",1992-08-21,7.79973851131127,NA
"4977",1992-08-22,7.85473948377394,NA
"4978",1992-08-23,6.88074935599381,NA
"4979",1992-08-24,6.8753931377932,NA
"4980",1992-08-25,6.48525352966807,NA
"4981",1992-08-26,6.85385891131048,NA
"4982",1992-08-27,7.13129656195438,NA
"4983",1992-08-28,7.24484422963241,NA
"4984",1992-08-29,7.05541183647103,NA
"4985",1992-08-30,7.2969781927818,NA
"4986",1992-08-31,7.74923710356865,NA
"4987",1992-09-01,8.20402047983762,NA
"4988",1992-09-02,8.43690480695698,NA
"4989",1992-09-03,8.14523853590459,NA
"4990",1992-09-04,8.21238377537479,NA
"4991",1992-09-05,8.54452769907714,NA
"4992",1992-09-06,9.07226127590463,NA
"4993",1992-09-07,8.69266121940622,NA
"4994",1992-09-08,8.348580541051,NA
"4995",1992-09-09,8.28391718319445,NA
"4996",1992-09-10,8.77480135663257,NA
"4997",1992-09-11,8.67383269619336,NA
"4998",1992-09-12,8.08179302792022,NA
"4999",1992-09-13,7.55016891021115,NA
"5000",1992-09-14,8.18147638342665,NA
"5001",1992-09-15,8.36212399726727,NA
"5002",1992-09-16,8.53460483217123,NA
"5003",1992-09-17,8.61227414869705,NA
"5004",1992-09-18,8.70428209167122,NA
"5005",1992-09-19,9.12500921744418,NA
"5006",1992-09-20,9.3987240373507,NA
"5007",1992-09-21,9.55008887908276,NA
"5008",1992-09-22,10.0433876568311,NA
"5009",1992-09-23,10.3482665863999,NA
"5010",1992-09-24,10.1162005705279,NA
"5011",1992-09-25,10.0654995364768,NA
"5012",1992-09-26,10.0742453003377,NA
"5013",1992-09-27,10.3552894600983,NA
"5014",1992-09-28,10.2889665589338,NA
"5015",1992-09-29,10.0206354764745,NA
"5016",1992-09-30,9.85171982510315,NA
"5017",1992-10-01,9.97539434984485,NA
"5018",1992-10-02,10.5593867736563,NA
"5019",1992-10-03,11.6523794349031,NA
"5020",1992-10-04,11.9859542642361,NA
"5021",1992-10-05,12.2365175871325,NA
"5022",1992-10-06,12.8428079118969,NA
"5023",1992-10-07,13.1941799721702,NA
"5024",1992-10-08,13.5505191775264,NA
"5025",1992-10-09,13.4022887909006,NA
"5026",1992-10-10,12.7137353852801,NA
"5027",1992-10-11,12.5390042232708,NA
"5028",1992-10-12,12.6248710765868,NA
"5029",1992-10-13,13.1872192505715,NA
"5030",1992-10-14,13.9905086388129,NA
"5031",1992-10-15,14.6206153415531,NA
"5032",1992-10-16,15.4203900393192,NA
"5033",1992-10-17,15.6524523176969,NA
"5034",1992-10-18,15.7294172772378,NA
"5035",1992-10-19,15.349069883461,NA
"5036",1992-10-20,14.2137928906026,NA
"5037",1992-10-21,12.7583845504647,NA
"5038",1992-10-22,11.9916538373203,NA
"5039",1992-10-23,11.6513385912581,NA
"5040",1992-10-24,12.3389510505399,NA
"5041",1992-10-25,12.010898586274,NA
"5042",1992-10-26,12.4302091610731,NA
"5043",1992-10-27,13.6919245976825,NA
"5044",1992-10-28,15.3746582167377,NA
"5045",1992-10-29,16.4640472273939,NA
"5046",1992-10-30,16.6710850804303,NA
"5047",1992-10-31,16.1263949345799,NA
"5048",1992-11-01,15.9369971195416,NA
"5049",1992-11-02,15.5988680525751,NA
"5050",1992-11-03,14.463399145913,NA
"5051",1992-11-04,13.0065397519216,NA
"5052",1992-11-05,11.7810748984876,NA
"5053",1992-11-06,11.2240260063184,NA
"5054",1992-11-07,11.6454284588441,NA
"5055",1992-11-08,13.3145244523328,NA
"5056",1992-11-09,13.272204153823,NA
"5057",1992-11-10,13.3043573518239,NA
"5058",1992-11-11,13.3012542983895,NA
"5059",1992-11-12,13.2304758380115,NA
"5060",1992-11-13,13.2595628850221,NA
"5061",1992-11-14,13.3284722603083,NA
"5062",1992-11-15,13.1584452104966,NA
"5063",1992-11-16,14.5094672141654,NA
"5064",1992-11-17,16.0476253012792,NA
"5065",1992-11-18,17.0998694706318,NA
"5066",1992-11-19,18.136221093585,NA
"5067",1992-11-20,19.3560891389131,NA
"5068",1992-11-21,19.0597139280249,NA
"5069",1992-11-22,18.750653272614,NA
"5070",1992-11-23,18.429208515657,NA
"5071",1992-11-24,17.7661006245221,NA
"5072",1992-11-25,16.5471534385019,NA
"5073",1992-11-26,15.4852091145662,NA
"5074",1992-11-27,14.0743168914485,NA
"5075",1992-11-28,13.9424297023229,NA
"5076",1992-11-29,13.4569586716423,NA
"5077",1992-11-30,12.9395694834553,NA
"5078",1992-12-01,13.3564655091668,NA
"5079",1992-12-02,14.9867897477584,NA
"5080",1992-12-03,16.2136040627059,NA
"5081",1992-12-04,16.8547645220686,NA
"5082",1992-12-05,17.5227596649884,NA
"5083",1992-12-06,18.1545404241213,NA
"5084",1992-12-07,18.4627142322943,NA
"5085",1992-12-08,18.2773936495171,NA
"5086",1992-12-09,18.1222148085105,NA
"5087",1992-12-10,18.3122853818305,NA
"5088",1992-12-11,19.2227634133522,NA
"5089",1992-12-12,20.0161428436451,NA
"5090",1992-12-13,20.034329948705,NA
"5091",1992-12-14,19.7530875822397,NA
"5092",1992-12-15,19.7293587667747,NA
"5093",1992-12-16,19.6738492593926,NA
"5094",1992-12-17,19.4052874607724,NA
"5095",1992-12-18,18.9406107376581,NA
"5096",1992-12-19,18.1931119701323,NA
"5097",1992-12-20,18.3992173609898,NA
"5098",1992-12-21,19.1648714978912,NA
"5099",1992-12-22,19.6932255017425,NA
"5100",1992-12-23,20.0292869824299,NA
"5101",1992-12-24,20.2834684353248,NA
"5102",1992-12-25,19.7697438755477,NA
"5103",1992-12-26,19.475655649989,NA
"5104",1992-12-27,19.1905885597425,NA
"5105",1992-12-28,18.7883306256982,NA
"5106",1992-12-29,18.5763216014722,NA
"5107",1992-12-30,18.4436909604193,NA
"5108",1992-12-31,18.6796022567725,NA
"5109",1993-01-01,19.7258029977753,NA
"5110",1993-01-02,20.7096945766081,NA
"5111",1993-01-03,20.6823373499213,NA
"5112",1993-01-04,20.5088485559307,NA
"5113",1993-01-05,20.1805736908628,NA
"5114",1993-01-06,19.6042596109518,NA
"5115",1993-01-07,18.7219574817386,NA
"5116",1993-01-08,17.9366392942111,NA
"5117",1993-01-09,17.0327559340419,NA
"5118",1993-01-10,17.0839853714365,NA
"5119",1993-01-11,17.5915931943804,NA
"5120",1993-01-12,17.7493477434362,NA
"5121",1993-01-13,18.6848948387361,NA
"5122",1993-01-14,19.8280720737383,NA
"5123",1993-01-15,20.8945101945392,NA
"5124",1993-01-16,21.292927293163,NA
"5125",1993-01-17,21.6979440123556,NA
"5126",1993-01-18,21.6239146617026,NA
"5127",1993-01-19,21.9287127213852,NA
"5128",1993-01-20,22.1039558618382,NA
"5129",1993-01-21,21.2437861316293,NA
"5130",1993-01-22,20.6384543120141,NA
"5131",1993-01-23,20.6417421007344,NA
"5132",1993-01-24,20.3740373101818,NA
"5133",1993-01-25,20.5359123631963,NA
"5134",1993-01-26,20.6045596068493,NA
"5135",1993-01-27,20.2247149352406,NA
"5136",1993-01-28,20.8224163360356,NA
"5137",1993-01-29,20.7447022470484,NA
"5138",1993-01-30,20.4042614064559,NA
"5139",1993-01-31,21.178192103527,NA
"5140",1993-02-01,21.8550335163594,NA
"5141",1993-02-02,22.3217198489659,NA
"5142",1993-02-03,22.7870610131964,NA
"5143",1993-02-04,22.6398787192009,NA
"5144",1993-02-05,22.2730417826818,NA
"5145",1993-02-06,22.4757908109243,NA
"5146",1993-02-07,22.2174713651237,NA
"5147",1993-02-08,21.289073438002,NA
"5148",1993-02-09,20.0116620514114,NA
"5149",1993-02-10,18.9706348570557,NA
"5150",1993-02-11,19.2229128380551,NA
"5151",1993-02-12,19.2548588088977,NA
"5152",1993-02-13,18.6836337872613,NA
"5153",1993-02-14,18.802879471519,NA
"5154",1993-02-15,19.4044937053981,NA
"5155",1993-02-16,19.7661100335951,NA
"5156",1993-02-17,20.0056320941117,NA
"5157",1993-02-18,20.5303023579595,NA
"5158",1993-02-19,21.2904410145284,NA
"5159",1993-02-20,20.7878937399707,NA
"5160",1993-02-21,19.4922618732035,NA
"5161",1993-02-22,18.7581903879971,NA
"5162",1993-02-23,18.3072279842081,NA
"5163",1993-02-24,17.535812527621,NA
"5164",1993-02-25,16.8491793838097,NA
"5165",1993-02-26,15.8093027969897,NA
"5166",1993-02-27,16.2680730795078,NA
"5167",1993-02-28,16.5103523941909,NA
"5168",1993-03-01,16.8114066725567,NA
"5169",1993-03-02,16.7520148614498,NA
"5170",1993-03-03,16.2881243264259,NA
"5171",1993-03-04,15.6782369868808,NA
"5172",1993-03-05,15.5804051380622,NA
"5173",1993-03-06,16.064636980526,NA
"5174",1993-03-07,16.7081909922021,NA
"5175",1993-03-08,16.6413724396649,NA
"5176",1993-03-09,16.91501807108,NA
"5177",1993-03-10,17.1596029372629,NA
"5178",1993-03-11,16.8146152924947,NA
"5179",1993-03-12,17.1854099547508,NA
"5180",1993-03-13,17.2485774915339,NA
"5181",1993-03-14,17.7842183198667,NA
"5182",1993-03-15,18.4223179715539,NA
"5183",1993-03-16,18.3890524875353,NA
"5184",1993-03-17,18.8322071851195,NA
"5185",1993-03-18,19.5847485642603,NA
"5186",1993-03-19,19.8802630431983,NA
"5187",1993-03-20,19.7717314155265,NA
"5188",1993-03-21,19.6232088464661,NA
"5189",1993-03-22,19.6591304708268,NA
"5190",1993-03-23,19.7797320365831,NA
"5191",1993-03-24,19.4362701524127,NA
"5192",1993-03-25,19.0516830942574,NA
"5193",1993-03-26,18.7341272476513,NA
"5194",1993-03-27,18.4515826193302,NA
"5195",1993-03-28,17.7256132048683,NA
"5196",1993-03-29,16.8574498172711,NA
"5197",1993-03-30,16.3139605051662,NA
"5198",1993-03-31,16.427695058443,NA
"5199",1993-04-01,16.215069680226,NA
"5200",1993-04-02,15.2889417689317,NA
"5201",1993-04-03,14.9536773232758,NA
"5202",1993-04-04,15.589238642851,NA
"5203",1993-04-05,16.0599706437428,NA
"5204",1993-04-06,16.0425774498956,NA
"5205",1993-04-07,15.5168482827549,NA
"5206",1993-04-08,15.106345617984,NA
"5207",1993-04-09,15.3014429403281,NA
"5208",1993-04-10,15.5766851755611,NA
"5209",1993-04-11,15.6378613085844,NA
"5210",1993-04-12,16.1691854507295,NA
"5211",1993-04-13,16.5385733398261,NA
"5212",1993-04-14,16.5666335246643,NA
"5213",1993-04-15,16.8457263848701,NA
"5214",1993-04-16,16.932958001883,NA
"5215",1993-04-17,16.8571706697516,NA
"5216",1993-04-18,16.5514722841484,NA
"5217",1993-04-19,16.0349196338999,NA
"5218",1993-04-20,16.2842764147381,NA
"5219",1993-04-21,17.0123247098978,NA
"5220",1993-04-22,17.5525476704445,NA
"5221",1993-04-23,18.2051396097619,NA
"5222",1993-04-24,17.8477921578601,NA
"5223",1993-04-25,17.0970760842481,NA
"5224",1993-04-26,16.6485466000775,NA
"5225",1993-04-27,16.2969472103722,NA
"5226",1993-04-28,15.2428188582259,NA
"5227",1993-04-29,14.7190283965843,NA
"5228",1993-04-30,14.1556367476563,NA
"5229",1993-05-01,14.7340663666167,NA
"5230",1993-05-02,15.4693036246699,NA
"5231",1993-05-03,15.4220373343547,NA
"5232",1993-05-04,14.6275345023449,NA
"5233",1993-05-05,14.5938100860184,NA
"5234",1993-05-06,14.3939840068432,NA
"5235",1993-05-07,14.0239618535847,NA
"5236",1993-05-08,13.1636054887103,NA
"5237",1993-05-09,12.5949733923319,NA
"5238",1993-05-10,12.5451108924243,NA
"5239",1993-05-11,12.6190321249699,NA
"5240",1993-05-12,12.7457573271463,NA
"5241",1993-05-13,12.4988163337198,NA
"5242",1993-05-14,11.8969791938061,NA
"5243",1993-05-15,11.4410863491669,NA
"5244",1993-05-16,11.162506461444,NA
"5245",1993-05-17,10.871494848746,NA
"5246",1993-05-18,10.7263082151856,NA
"5247",1993-05-19,10.678775726732,NA
"5248",1993-05-20,10.7090350608599,NA
"5249",1993-05-21,11.1372922077812,NA
"5250",1993-05-22,11.352710204879,NA
"5251",1993-05-23,11.1167868966576,NA
"5252",1993-05-24,10.9816030619459,NA
"5253",1993-05-25,10.8382415692411,NA
"5254",1993-05-26,10.7283417303283,NA
"5255",1993-05-27,10.301738050962,NA
"5256",1993-05-28,10.24669167189,NA
"5257",1993-05-29,11.1895413800071,NA
"5258",1993-05-30,11.6764279891464,NA
"5259",1993-05-31,11.4107707708035,NA
"5260",1993-06-01,11.4845304006289,NA
"5261",1993-06-02,11.1850805920444,NA
"5262",1993-06-03,11.1960083697845,NA
"5263",1993-06-04,10.6513836110775,NA
"5264",1993-06-05,9.90050545060436,NA
"5265",1993-06-06,9.62914975096044,NA
"5266",1993-06-07,9.95983821227009,NA
"5267",1993-06-08,10.4254182064356,NA
"5268",1993-06-09,10.6393526579211,NA
"5269",1993-06-10,10.5743608347083,NA
"5270",1993-06-11,10.2792493342228,NA
"5271",1993-06-12,9.36005460738321,NA
"5272",1993-06-13,9.06742650269976,NA
"5273",1993-06-14,8.83446819949225,NA
"5274",1993-06-15,8.19767827581873,NA
"5275",1993-06-16,7.76056775099252,NA
"5276",1993-06-17,7.80394618635969,NA
"5277",1993-06-18,8.59486957911834,NA
"5278",1993-06-19,9.31774279623007,NA
"5279",1993-06-20,9.67707719996659,NA
"5280",1993-06-21,9.45748751709604,NA
"5281",1993-06-22,9.64117727015886,NA
"5282",1993-06-23,9.75279579776815,NA
"5283",1993-06-24,9.57645966985532,NA
"5284",1993-06-25,9.16205859412211,NA
"5285",1993-06-26,8.90418872151614,NA
"5286",1993-06-27,8.0610921018778,NA
"5287",1993-06-28,7.97457402853613,NA
"5288",1993-06-29,7.97712961496481,NA
"5289",1993-06-30,8.43012756281664,NA
"5290",1993-07-01,8.65424428668965,NA
"5291",1993-07-02,9.34242434170548,NA
"5292",1993-07-03,9.41915433933898,NA
"5293",1993-07-04,9.37478662431864,NA
"5294",1993-07-05,9.33969689373797,NA
"5295",1993-07-06,9.42662228814487,NA
"5296",1993-07-07,9.14538473167645,NA
"5297",1993-07-08,9.01852762530078,NA
"5298",1993-07-09,8.19962558560725,NA
"5299",1993-07-10,8.09836785139638,NA
"5300",1993-07-11,8.28883553176622,NA
"5301",1993-07-12,8.4363131658238,NA
"5302",1993-07-13,8.42008666897341,NA
"5303",1993-07-14,8.55253413877541,NA
"5304",1993-07-15,8.5611737602761,NA
"5305",1993-07-16,8.39981948758045,NA
"5306",1993-07-17,8.28082621590568,NA
"5307",1993-07-18,8.67042532000856,NA
"5308",1993-07-19,8.53246527306422,NA
"5309",1993-07-20,8.2254915555989,NA
"5310",1993-07-21,7.98136415693761,NA
"5311",1993-07-22,7.96253284922645,NA
"5312",1993-07-23,8.33305815181604,NA
"5313",1993-07-24,9.08806136900267,NA
"5314",1993-07-25,9.24138747335938,NA
"5315",1993-07-26,9.28154051633744,NA
"5316",1993-07-27,9.65211918819251,NA
"5317",1993-07-28,9.67661556638083,NA
"5318",1993-07-29,9.97573092239611,NA
"5319",1993-07-30,10.1164817926879,NA
"5320",1993-07-31,9.59825110165492,NA
"5321",1993-08-01,9.28456118031893,NA
"5322",1993-08-02,9.3018156715484,NA
"5323",1993-08-03,8.92434082869575,NA
"5324",1993-08-04,8.3976815097104,NA
"5325",1993-08-05,7.74949377445204,NA
"5326",1993-08-06,7.59462331147649,NA
"5327",1993-08-07,7.79928944557015,NA
"5328",1993-08-08,8.0381120975254,NA
"5329",1993-08-09,8.70516834355297,NA
"5330",1993-08-10,8.77608708449895,NA
"5331",1993-08-11,9.48753826315025,NA
"5332",1993-08-12,10.2601447819416,NA
"5333",1993-08-13,10.5938240855739,NA
"5334",1993-08-14,10.8009283681353,NA
"5335",1993-08-15,10.884032389224,NA
"5336",1993-08-16,10.0043517363638,NA
"5337",1993-08-17,10.3519465957648,NA
"5338",1993-08-18,10.3704037426061,NA
"5339",1993-08-19,10.0070541722186,NA
"5340",1993-08-20,9.84113458373739,NA
"5341",1993-08-21,9.79350198149176,NA
"5342",1993-08-22,9.65658654964212,NA
"5343",1993-08-23,10.3074927966276,NA
"5344",1993-08-24,10.4553706644528,NA
"5345",1993-08-25,10.650288125895,NA
"5346",1993-08-26,11.1457154517722,NA
"5347",1993-08-27,11.4393630331049,NA
"5348",1993-08-28,11.5379844475079,NA
"5349",1993-08-29,11.889909466374,NA
"5350",1993-08-30,12.383966958556,NA
"5351",1993-08-31,13.1652809949269,NA
"5352",1993-09-01,13.3673229971401,NA
"5353",1993-09-02,12.944062476386,NA
"5354",1993-09-03,12.2545475763819,NA
"5355",1993-09-04,11.7203040540381,NA
"5356",1993-09-05,11.4981989238611,NA
"5357",1993-09-06,11.3566209276537,NA
"5358",1993-09-07,11.0396315801932,NA
"5359",1993-09-08,10.8601724063815,NA
"5360",1993-09-09,10.8472591486634,NA
"5361",1993-09-10,11.2778415591973,NA
"5362",1993-09-11,11.59246761097,NA
"5363",1993-09-12,11.2151721552483,NA
"5364",1993-09-13,10.8752426595614,NA
"5365",1993-09-14,10.3251217237435,NA
"5366",1993-09-15,10.0327291814964,NA
"5367",1993-09-16,10.1462634284446,NA
"5368",1993-09-17,10.142878965499,NA
"5369",1993-09-18,10.7433643173965,NA
"5370",1993-09-19,11.1780782381863,NA
"5371",1993-09-20,10.6972083753149,NA
"5372",1993-09-21,10.5770045003254,NA
"5373",1993-09-22,10.7923524769373,NA
"5374",1993-09-23,10.7331038395684,NA
"5375",1993-09-24,11.0208661697486,NA
"5376",1993-09-25,10.6697183573266,NA
"5377",1993-09-26,10.9044615659911,NA
"5378",1993-09-27,12.0493500186643,NA
"5379",1993-09-28,13.404634863375,NA
"5380",1993-09-29,14.2748902948685,NA
"5381",1993-09-30,15.6832012850085,NA
"5382",1993-10-01,15.7771969435929,NA
"5383",1993-10-02,15.8093885438376,NA
"5384",1993-10-03,15.9581148380342,NA
"5385",1993-10-04,15.2186069066094,NA
"5386",1993-10-05,14.3773297512168,NA
"5387",1993-10-06,13.8767779717659,NA
"5388",1993-10-07,13.5521601226309,NA
"5389",1993-10-08,14.4101430524773,NA
"5390",1993-10-09,14.0773601178479,NA
"5391",1993-10-10,13.1710029581205,NA
"5392",1993-10-11,12.9802611439508,NA
"5393",1993-10-12,12.4845512878618,NA
"5394",1993-10-13,12.0225170525539,NA
"5395",1993-10-14,11.0987873202477,NA
"5396",1993-10-15,10.3088682565143,NA
"5397",1993-10-16,10.9135219976047,NA
"5398",1993-10-17,12.4973898212694,NA
"5399",1993-10-18,13.0139716624775,NA
"5400",1993-10-19,13.4581376391986,NA
"5401",1993-10-20,13.3047381145318,NA
"5402",1993-10-21,13.2634108051434,NA
"5403",1993-10-22,13.1016988257602,NA
"5404",1993-10-23,13.455015115827,NA
"5405",1993-10-24,13.0074041186411,NA
"5406",1993-10-25,12.8372928551916,NA
"5407",1993-10-26,12.574549987254,NA
"5408",1993-10-27,13.5075369355765,NA
"5409",1993-10-28,13.6104989744133,NA
"5410",1993-10-29,13.4183316038301,NA
"5411",1993-10-30,12.5876706155883,NA
"5412",1993-10-31,12.8262245613394,NA
"5413",1993-11-01,13.5160939543871,NA
"5414",1993-11-02,13.3107241876729,NA
"5415",1993-11-03,12.5383250725977,NA
"5416",1993-11-04,12.2188810846593,NA
"5417",1993-11-05,12.2151810305193,NA
"5418",1993-11-06,12.7335765340066,NA
"5419",1993-11-07,11.8143023207426,NA
"5420",1993-11-08,11.1304057319089,NA
"5421",1993-11-09,11.3399249383097,NA
"5422",1993-11-10,11.8142130965441,NA
"5423",1993-11-11,13.0914690104499,NA
"5424",1993-11-12,14.3166077619712,NA
"5425",1993-11-13,14.9451058382002,NA
"5426",1993-11-14,15.5642748001138,NA
"5427",1993-11-15,16.1006862497091,NA
"5428",1993-11-16,17.4349214017657,NA
"5429",1993-11-17,18.4956677466985,NA
"5430",1993-11-18,18.8691107920958,NA
"5431",1993-11-19,18.3169963382942,NA
"5432",1993-11-20,17.5015487827476,NA
"5433",1993-11-21,17.6580305708042,NA
"5434",1993-11-22,17.2097398664677,NA
"5435",1993-11-23,16.1307117378976,NA
"5436",1993-11-24,15.0145835325287,NA
"5437",1993-11-25,14.2491029556846,NA
"5438",1993-11-26,15.4402317503601,NA
"5439",1993-11-27,16.3356642805603,NA
"5440",1993-11-28,16.072552518604,NA
"5441",1993-11-29,16.7523420816156,NA
"5442",1993-11-30,18.2952153213334,NA
"5443",1993-12-01,19.2605627930272,NA
"5444",1993-12-02,19.0443278683987,NA
"5445",1993-12-03,18.2865072942585,NA
"5446",1993-12-04,17.4976186355999,NA
"5447",1993-12-05,17.5266623883228,NA
"5448",1993-12-06,17.5945951808417,NA
"5449",1993-12-07,16.5051061132497,NA
"5450",1993-12-08,16.4946757980669,NA
"5451",1993-12-09,17.7398162894907,NA
"5452",1993-12-10,18.7856111935233,NA
"5453",1993-12-11,19.7603163340574,NA
"5454",1993-12-12,19.8121860349104,NA
"5455",1993-12-13,20.3154525999357,NA
"5456",1993-12-14,20.4044990661405,NA
"5457",1993-12-15,19.7534954063677,NA
"5458",1993-12-16,18.7202156786867,NA
"5459",1993-12-17,17.6278352896732,NA
"5460",1993-12-18,17.2016847647719,NA
"5461",1993-12-19,17.87578084754,NA
"5462",1993-12-20,17.5090104173014,NA
"5463",1993-12-21,17.9086500876077,NA
"5464",1993-12-22,17.9899670453145,NA
"5465",1993-12-23,18.2087355785215,NA
"5466",1993-12-24,18.1114996765362,NA
"5467",1993-12-25,18.1453112413129,NA
"5468",1993-12-26,16.9535686325826,NA
"5469",1993-12-27,16.0446112770583,NA
"5470",1993-12-28,15.0922850808699,NA
"5471",1993-12-29,14.8484378150041,NA
"5472",1993-12-30,14.9439278074241,NA
"5473",1993-12-31,15.0244973225813,NA
"5474",1994-01-01,15.1594704721311,NA
"5475",1994-01-02,16.4719985436239,NA
"5476",1994-01-03,16.792445364052,NA
"5477",1994-01-04,17.3321664631853,NA
"5478",1994-01-05,17.4465869027995,NA
"5479",1994-01-06,17.3555231045178,NA
"5480",1994-01-07,17.1997254540404,NA
"5481",1994-01-08,16.2852415486296,NA
"5482",1994-01-09,15.3969368720696,NA
"5483",1994-01-10,15.9484515002641,NA
"5484",1994-01-11,16.3735726381937,NA
"5485",1994-01-12,17.9980515902281,NA
"5486",1994-01-13,18.3177253634856,NA
"5487",1994-01-14,18.0684296528795,NA
"5488",1994-01-15,19.1438736245642,NA
"5489",1994-01-16,19.6803174069621,NA
"5490",1994-01-17,19.4529395004717,NA
"5491",1994-01-18,19.1778721554918,NA
"5492",1994-01-19,18.0406432961377,NA
"5493",1994-01-20,18.0425577221438,NA
"5494",1994-01-21,18.0390449940917,NA
"5495",1994-01-22,17.4241403162942,NA
"5496",1994-01-23,17.9254980465815,NA
"5497",1994-01-24,18.9870207924523,NA
"5498",1994-01-25,20.1566363501539,NA
"5499",1994-01-26,20.8989225321975,NA
"5500",1994-01-27,20.6182762274545,NA
"5501",1994-01-28,21.1205942950221,NA
"5502",1994-01-29,21.1988359150193,NA
"5503",1994-01-30,20.9119805000494,NA
"5504",1994-01-31,20.5972822645856,NA
"5505",1994-02-01,19.8570269706207,NA
"5506",1994-02-02,19.3969399508587,NA
"5507",1994-02-03,20.5023438412525,NA
"5508",1994-02-04,20.9710684631175,NA
"5509",1994-02-05,21.5545208666229,NA
"5510",1994-02-06,21.8652828122564,NA
"5511",1994-02-07,21.8534209804181,NA
"5512",1994-02-08,22.0499843072863,NA
"5513",1994-02-09,22.1489228465154,NA
"5514",1994-02-10,21.5974347807819,NA
"5515",1994-02-11,20.9000749098773,NA
"5516",1994-02-12,20.3955768886736,NA
"5517",1994-02-13,20.5434748964921,NA
"5518",1994-02-14,20.6007456705705,NA
"5519",1994-02-15,20.1579320358964,NA
"5520",1994-02-16,19.3570219019305,NA
"5521",1994-02-17,18.9514713851649,NA
"5522",1994-02-18,18.8725233526216,NA
"5523",1994-02-19,18.7487967450441,NA
"5524",1994-02-20,18.2715161194761,NA
"5525",1994-02-21,18.2387933268751,NA
"5526",1994-02-22,18.6088024209086,NA
"5527",1994-02-23,19.6319820074826,NA
"5528",1994-02-24,20.0909543144555,NA
"5529",1994-02-25,20.5979698074612,NA
"5530",1994-02-26,21.1228398094572,NA
"5531",1994-02-27,20.5283029258917,NA
"5532",1994-02-28,19.5764786653589,NA
"5533",1994-03-01,18.7664908683339,NA
"5534",1994-03-02,17.7759418949488,NA
"5535",1994-03-03,17.3815108520026,NA
"5536",1994-03-04,16.9065800486412,NA
"5537",1994-03-05,15.7145921237041,NA
"5538",1994-03-06,15.8033760805663,NA
"5539",1994-03-07,16.2509329648777,NA
"5540",1994-03-08,16.6524342946066,NA
"5541",1994-03-09,16.8066957499502,NA
"5542",1994-03-10,17.0051474857974,NA
"5543",1994-03-11,16.6592126331389,NA
"5544",1994-03-12,16.3688252459601,NA
"5545",1994-03-13,16.1259456283233,NA
"5546",1994-03-14,15.8631049849395,NA
"5547",1994-03-15,15.4620322548341,NA
"5548",1994-03-16,14.6074558231387,NA
"5549",1994-03-17,13.6825282313456,NA
"5550",1994-03-18,13.7904853766868,NA
"5551",1994-03-19,14.3314302962256,NA
"5552",1994-03-20,15.1285237894869,NA
"5553",1994-03-21,16.0145371290632,NA
"5554",1994-03-22,16.7422391742659,NA
"5555",1994-03-23,17.8026707251758,NA
"5556",1994-03-24,18.692610730274,NA
"5557",1994-03-25,19.3097144803505,NA
"5558",1994-03-26,19.5002890530158,NA
"5559",1994-03-27,19.5164257322356,NA
"5560",1994-03-28,19.5365439917962,NA
"5561",1994-03-29,19.3052970440091,NA
"5562",1994-03-30,19.2458543542187,NA
"5563",1994-03-31,19.5598302265655,NA
"5564",1994-04-01,19.0562072485492,NA
"5565",1994-04-02,18.5439543450724,NA
"5566",1994-04-03,18.109313316903,NA
"5567",1994-04-04,17.6526345985693,NA
"5568",1994-04-05,17.6738965566457,NA
"5569",1994-04-06,16.9648700772936,NA
"5570",1994-04-07,15.7405906330161,NA
"5571",1994-04-08,15.5825321021902,NA
"5572",1994-04-09,15.9544165939252,NA
"5573",1994-04-10,15.4166288578099,NA
"5574",1994-04-11,14.4698420223732,NA
"5575",1994-04-12,13.4975285182892,NA
"5576",1994-04-13,13.4739047627009,NA
"5577",1994-04-14,13.5899090482463,NA
"5578",1994-04-15,14.061989031929,NA
"5579",1994-04-16,14.2040035527103,NA
"5580",1994-04-17,14.5145446808026,NA
"5581",1994-04-18,14.8308871432862,NA
"5582",1994-04-19,15.0242739061435,NA
"5583",1994-04-20,14.524248989776,NA
"5584",1994-04-21,14.41486159156,NA
"5585",1994-04-22,13.7078304338903,NA
"5586",1994-04-23,13.334656720944,NA
"5587",1994-04-24,13.942938547891,NA
"5588",1994-04-25,14.8484432874815,NA
"5589",1994-04-26,15.8133237031468,NA
"5590",1994-04-27,16.6874346572024,NA
"5591",1994-04-28,16.8576593093659,NA
"5592",1994-04-29,16.3631000521865,NA
"5593",1994-04-30,15.8084522843132,NA
"5594",1994-05-01,15.4750561796879,NA
"5595",1994-05-02,14.4326618314659,NA
"5596",1994-05-03,12.5360653174576,NA
"5597",1994-05-04,11.5636442565389,NA
"5598",1994-05-05,11.5275330382216,NA
"5599",1994-05-06,12.2514754019947,NA
"5600",1994-05-07,12.3472121536422,NA
"5601",1994-05-08,11.7769468101874,NA
"5602",1994-05-09,11.8332032922186,NA
"5603",1994-05-10,11.8756313193203,NA
"5604",1994-05-11,11.4701491852174,NA
"5605",1994-05-12,10.4396010574918,NA
"5606",1994-05-13,10.0926524906394,NA
"5607",1994-05-14,9.60042336017453,NA
"5608",1994-05-15,9.36516365057799,NA
"5609",1994-05-16,9.21043897445083,NA
"5610",1994-05-17,9.79650526486867,NA
"5611",1994-05-18,10.0545856475729,NA
"5612",1994-05-19,10.1317139602287,NA
"5613",1994-05-20,10.0143138755,NA
"5614",1994-05-21,10.6399452465361,NA
"5615",1994-05-22,10.7995314987612,NA
"5616",1994-05-23,11.1444890123153,NA
"5617",1994-05-24,11.625393885398,NA
"5618",1994-05-25,11.65077651071,NA
"5619",1994-05-26,12.547475250789,NA
"5620",1994-05-27,13.0734892870431,NA
"5621",1994-05-28,13.1580300116466,NA
"5622",1994-05-29,13.3519727540714,NA
"5623",1994-05-30,13.6771751432276,NA
"5624",1994-05-31,12.8855241542389,NA
"5625",1994-06-01,12.7602028048486,NA
"5626",1994-06-02,12.6886782084951,NA
"5627",1994-06-03,12.6570789998974,NA
"5628",1994-06-04,12.6579591385859,NA
"5629",1994-06-05,12.4339024247587,NA
"5630",1994-06-06,11.6658892511197,NA
"5631",1994-06-07,11.6802626213547,NA
"5632",1994-06-08,11.7162519741524,NA
"5633",1994-06-09,11.003369828281,NA
"5634",1994-06-10,9.96683336818573,NA
"5635",1994-06-11,9.40947861882635,NA
"5636",1994-06-12,8.94769399856761,NA
"5637",1994-06-13,8.9633632454454,NA
"5638",1994-06-14,8.66852694273678,NA
"5639",1994-06-15,8.72158132531352,NA
"5640",1994-06-16,9.20727057018995,NA
"5641",1994-06-17,9.63630511200687,NA
"5642",1994-06-18,9.7617042177677,NA
"5643",1994-06-19,9.9673935404613,NA
"5644",1994-06-20,9.55072480974187,NA
"5645",1994-06-21,9.55413527291901,NA
"5646",1994-06-22,9.61305360016942,NA
"5647",1994-06-23,9.4880249887002,NA
"5648",1994-06-24,9.55626550922097,NA
"5649",1994-06-25,9.32447629342431,NA
"5650",1994-06-26,9.21833294855079,NA
"5651",1994-06-27,8.85583831577108,NA
"5652",1994-06-28,8.17645668791312,NA
"5653",1994-06-29,7.09184440114815,NA
"5654",1994-06-30,6.13065874241081,NA
"5655",1994-07-01,5.41056835531166,NA
"5656",1994-07-02,5.33760842747435,NA
"5657",1994-07-03,5.68031855965991,NA
"5658",1994-07-04,6.68486979489041,NA
"5659",1994-07-05,7.7742619647826,NA
"5660",1994-07-06,8.98374189204246,NA
"5661",1994-07-07,10.0216343836314,NA
"5662",1994-07-08,10.7314474061296,NA
"5663",1994-07-09,11.0176581856419,NA
"5664",1994-07-10,11.0042286667825,NA
"5665",1994-07-11,10.55521428497,NA
"5666",1994-07-12,9.8472425527879,NA
"5667",1994-07-13,9.42024046462949,NA
"5668",1994-07-14,9.16097061834511,NA
"5669",1994-07-15,9.01322355279329,NA
"5670",1994-07-16,8.30962151894874,NA
"5671",1994-07-17,7.81384881029692,NA
"5672",1994-07-18,7.8398002118745,NA
"5673",1994-07-19,7.94304331494916,NA
"5674",1994-07-20,7.96708058382903,NA
"5675",1994-07-21,7.83277470110035,NA
"5676",1994-07-22,7.22719746488326,NA
"5677",1994-07-23,7.03076347326016,NA
"5678",1994-07-24,7.02220705659424,NA
"5679",1994-07-25,6.64177482856388,NA
"5680",1994-07-26,6.48888623594927,NA
"5681",1994-07-27,6.48281389189974,NA
"5682",1994-07-28,6.72174869280451,NA
"5683",1994-07-29,7.46112637525746,NA
"5684",1994-07-30,7.55994236918781,NA
"5685",1994-07-31,7.51927328662389,NA
"5686",1994-08-01,7.66295366779118,NA
"5687",1994-08-02,7.70020488974386,NA
"5688",1994-08-03,7.34556138348119,NA
"5689",1994-08-04,6.5934652193436,NA
"5690",1994-08-05,6.19203522859712,NA
"5691",1994-08-06,6.74700756145103,NA
"5692",1994-08-07,6.37714041774617,NA
"5693",1994-08-08,5.92567773730438,NA
"5694",1994-08-09,5.76974404585065,NA
"5695",1994-08-10,5.78367849584496,NA
"5696",1994-08-11,6.42538818430961,NA
"5697",1994-08-12,7.03418733243559,NA
"5698",1994-08-13,6.58259992860191,NA
"5699",1994-08-14,7.01225360227807,NA
"5700",1994-08-15,7.56369564907017,NA
"5701",1994-08-16,7.80648031261195,NA
"5702",1994-08-17,8.02185261498149,NA
"5703",1994-08-18,7.65936872273842,NA
"5704",1994-08-19,7.04248817179732,NA
"5705",1994-08-20,7.16077889132986,NA
"5706",1994-08-21,7.25017988359964,NA
"5707",1994-08-22,7.59908924063266,NA
"5708",1994-08-23,7.63711969984318,NA
"5709",1994-08-24,7.89253339102933,NA
"5710",1994-08-25,8.53016801992908,NA
"5711",1994-08-26,9.18421284605724,NA
"5712",1994-08-27,10.2322119403558,NA
"5713",1994-08-28,10.6809201459817,NA
"5714",1994-08-29,10.5066458841956,NA
"5715",1994-08-30,10.6993995170694,NA
"5716",1994-08-31,10.7481803864463,NA
"5717",1994-09-01,11.1079346883419,NA
"5718",1994-09-02,11.930920954148,NA
"5719",1994-09-03,11.98160213934,NA
"5720",1994-09-04,12.1892763123261,NA
"5721",1994-09-05,12.3426731281681,NA
"5722",1994-09-06,11.9654005240172,NA
"5723",1994-09-07,11.4329339165428,NA
"5724",1994-09-08,10.6431773820279,NA
"5725",1994-09-09,9.18606225202993,NA
"5726",1994-09-10,8.83133710188554,NA
"5727",1994-09-11,9.02234015408235,NA
"5728",1994-09-12,9.34288045659974,NA
"5729",1994-09-13,10.1124564839074,NA
"5730",1994-09-14,10.3503020504393,NA
"5731",1994-09-15,10.7441838998792,NA
"5732",1994-09-16,10.7835288674997,NA
"5733",1994-09-17,10.8592289005921,NA
"5734",1994-09-18,9.86644018754186,NA
"5735",1994-09-19,9.10925315456264,NA
"5736",1994-09-20,8.58258885814606,NA
"5737",1994-09-21,8.64040717212359,NA
"5738",1994-09-22,8.81632464746187,NA
"5739",1994-09-23,9.46914872877084,NA
"5740",1994-09-24,9.07528643466378,NA
"5741",1994-09-25,9.4157801961149,NA
"5742",1994-09-26,9.20632897277467,NA
"5743",1994-09-27,9.14126298483317,NA
"5744",1994-09-28,9.4020343452546,NA
"5745",1994-09-29,8.85538149611273,NA
"5746",1994-09-30,8.48157213994951,NA
"5747",1994-10-01,9.15799812371618,NA
"5748",1994-10-02,9.34654303579722,NA
"5749",1994-10-03,10.2665363341329,NA
"5750",1994-10-04,10.7801417587026,NA
"5751",1994-10-05,10.9122669052675,NA
"5752",1994-10-06,11.7651269652071,NA
"5753",1994-10-07,11.6061081202802,NA
"5754",1994-10-08,11.1571182906141,NA
"5755",1994-10-09,11.1728810272476,NA
"5756",1994-10-10,11.5556712213751,NA
"5757",1994-10-11,11.4732332074313,NA
"5758",1994-10-12,11.5884479897393,NA
"5759",1994-10-13,11.0464229913342,NA
"5760",1994-10-14,12.5693889791281,NA
"5761",1994-10-15,13.9961615462234,NA
"5762",1994-10-16,15.519677752159,NA
"5763",1994-10-17,15.2699129192622,NA
"5764",1994-10-18,15.6368554761778,NA
"5765",1994-10-19,15.7734297479049,NA
"5766",1994-10-20,15.9227039096767,NA
"5767",1994-10-21,15.0142523724706,NA
"5768",1994-10-22,14.4667632705413,NA
"5769",1994-10-23,13.9175072156697,NA
"5770",1994-10-24,15.1701591520197,NA
"5771",1994-10-25,16.3398635227399,NA
"5772",1994-10-26,16.873939600269,NA
"5773",1994-10-27,17.3048509062085,NA
"5774",1994-10-28,17.1359603254338,NA
"5775",1994-10-29,16.7580971135029,NA
"5776",1994-10-30,16.0712431476196,NA
"5777",1994-10-31,15.7419527498244,NA
"5778",1994-11-01,14.2089133036885,NA
"5779",1994-11-02,13.8519477619983,NA
"5780",1994-11-03,13.5434481101495,NA
"5781",1994-11-04,14.1514689445368,NA
"5782",1994-11-05,14.2383084967626,NA
"5783",1994-11-06,13.995686476723,NA
"5784",1994-11-07,12.3276777942196,NA
"5785",1994-11-08,12.6339062024353,NA
"5786",1994-11-09,13.0132178424965,NA
"5787",1994-11-10,14.5625029201866,NA
"5788",1994-11-11,15.0618593948309,NA
"5789",1994-11-12,14.7805060082518,NA
"5790",1994-11-13,15.2146616493299,NA
"5791",1994-11-14,16.3382232586988,NA
"5792",1994-11-15,16.1267758527514,NA
"5793",1994-11-16,16.2528417071139,NA
"5794",1994-11-17,15.0889325393199,NA
"5795",1994-11-18,15.4963163030297,NA
"5796",1994-11-19,17.2330335433803,NA
"5797",1994-11-20,17.3626772781894,NA
"5798",1994-11-21,16.8291399895014,NA
"5799",1994-11-22,16.9279693728355,NA
"5800",1994-11-23,17.1014198783012,NA
"5801",1994-11-24,18.1963437881394,NA
"5802",1994-11-25,18.3734809516397,NA
"5803",1994-11-26,18.5567805080821,NA
"5804",1994-11-27,18.7257341356351,NA
"5805",1994-11-28,19.1020192229117,NA
"5806",1994-11-29,19.5024371013907,NA
"5807",1994-11-30,18.7040925830751,NA
"5808",1994-12-01,17.7632089897999,NA
"5809",1994-12-02,17.6445677446626,NA
"5810",1994-12-03,17.3421498797409,NA
"5811",1994-12-04,18.5710506698981,NA
"5812",1994-12-05,20.0399936785129,NA
"5813",1994-12-06,21.3780301260028,NA
"5814",1994-12-07,21.898516565674,NA
"5815",1994-12-08,21.714216262896,NA
"5816",1994-12-09,21.1795067770241,NA
"5817",1994-12-10,20.8850989817978,NA
"5818",1994-12-11,20.8773523264013,NA
"5819",1994-12-12,20.8991490934551,NA
"5820",1994-12-13,19.9140232778277,NA
"5821",1994-12-14,19.576021395168,NA
"5822",1994-12-15,20.1646001022696,NA
"5823",1994-12-16,20.9072067683417,NA
"5824",1994-12-17,21.0857023730393,NA
"5825",1994-12-18,21.1889295077508,NA
"5826",1994-12-19,20.8889836010224,NA
"5827",1994-12-20,21.3358402569528,NA
"5828",1994-12-21,21.3449896275189,NA
"5829",1994-12-22,21.2518891542218,NA
"5830",1994-12-23,20.7689070883894,NA
"5831",1994-12-24,20.0363538911619,NA
"5832",1994-12-25,19.1446973291815,NA
"5833",1994-12-26,18.7499987904471,NA
"5834",1994-12-27,18.3431453861696,NA
"5835",1994-12-28,19.0713622643475,NA
"5836",1994-12-29,19.0644130611864,NA
"5837",1994-12-30,19.4103004154602,NA
"5838",1994-12-31,20.1606575377251,NA
"5839",1995-01-01,19.8037024124797,NA
"5840",1995-01-02,19.51445175947,NA
"5841",1995-01-03,19.7471430270431,NA
"5842",1995-01-04,20.1375714787213,NA
"5843",1995-01-05,20.5064183152118,NA
"5844",1995-01-06,20.136208514025,NA
"5845",1995-01-07,19.1418542915334,NA
"5846",1995-01-08,19.431240376828,NA
"5847",1995-01-09,19.9175239688387,NA
"5848",1995-01-10,19.7321888928494,NA
"5849",1995-01-11,19.7265970979827,NA
"5850",1995-01-12,20.114961422691,NA
"5851",1995-01-13,21.197579736345,NA
"5852",1995-01-14,22.1502624908224,NA
"5853",1995-01-15,22.3745901640759,NA
"5854",1995-01-16,22.1510853821059,NA
"5855",1995-01-17,22.1165303599647,NA
"5856",1995-01-18,21.937045001501,NA
"5857",1995-01-19,21.999562481053,NA
"5858",1995-01-20,21.1650343438211,NA
"5859",1995-01-21,20.0293222694773,NA
"5860",1995-01-22,19.6292310586791,NA
"5861",1995-01-23,19.7217992779024,NA
"5862",1995-01-24,19.6938032640774,NA
"5863",1995-01-25,19.3110958972257,NA
"5864",1995-01-26,18.9290766460911,NA
"5865",1995-01-27,19.6067238768698,NA
"5866",1995-01-28,20.2620334327774,NA
"5867",1995-01-29,20.5676358013364,NA
"5868",1995-01-30,20.3570079541814,NA
"5869",1995-01-31,19.7823704554518,NA
"5870",1995-02-01,19.9915445990079,NA
"5871",1995-02-02,20.1056017616605,NA
"5872",1995-02-03,19.4624669269737,NA
"5873",1995-02-04,19.616589224327,NA
"5874",1995-02-05,18.9480474995429,NA
"5875",1995-02-06,18.4237253363245,NA
"5876",1995-02-07,18.6675109618216,NA
"5877",1995-02-08,18.0543431164293,NA
"5878",1995-02-09,17.0338134074743,NA
"5879",1995-02-10,17.006277489735,NA
"5880",1995-02-11,17.2972454595893,NA
"5881",1995-02-12,18.5668864234605,NA
"5882",1995-02-13,19.8046684713454,NA
"5883",1995-02-14,20.5986267812403,NA
"5884",1995-02-15,21.3628246662325,NA
"5885",1995-02-16,21.3943827000971,NA
"5886",1995-02-17,21.4054449738172,NA
"5887",1995-02-18,20.8229754763235,NA
"5888",1995-02-19,20.0204694031948,NA
"5889",1995-02-20,19.3672748649122,NA
"5890",1995-02-21,19.0885199149661,NA
"5891",1995-02-22,18.2214787486155,NA
"5892",1995-02-23,18.8235177278595,NA
"5893",1995-02-24,19.9653971361999,NA
"5894",1995-02-25,21.1052571586481,NA
"5895",1995-02-26,21.7265921564428,NA
"5896",1995-02-27,21.9409702994449,NA
"5897",1995-02-28,21.5613888459799,NA
"5898",1995-03-01,21.7765522580345,NA
"5899",1995-03-02,21.6476136628021,NA
"5900",1995-03-03,21.2833493886453,NA
"5901",1995-03-04,20.5960542202427,NA
"5902",1995-03-05,20.3847010804557,NA
"5903",1995-03-06,20.5872242978531,NA
"5904",1995-03-07,21.2187341047423,NA
"5905",1995-03-08,21.1075563117399,NA
"5906",1995-03-09,20.7609286127804,NA
"5907",1995-03-10,20.1815850196394,NA
"5908",1995-03-11,20.125792008482,NA
"5909",1995-03-12,19.0954310431903,NA
"5910",1995-03-13,17.9373470760864,NA
"5911",1995-03-14,16.7296205212696,NA
"5912",1995-03-15,15.7081431533464,NA
"5913",1995-03-16,15.8040101949715,NA
"5914",1995-03-17,16.1130243614649,NA
"5915",1995-03-18,15.2939137363774,NA
"5916",1995-03-19,15.4188613535139,NA
"5917",1995-03-20,15.7359932205222,NA
"5918",1995-03-21,16.0240054589305,NA
"5919",1995-03-22,16.7157546262295,NA
"5920",1995-03-23,16.7300370258035,NA
"5921",1995-03-24,15.9007081441789,NA
"5922",1995-03-25,15.4292714357664,NA
"5923",1995-03-26,15.5169541432506,NA
"5924",1995-03-27,14.9211572009648,NA
"5925",1995-03-28,14.2868837044007,NA
"5926",1995-03-29,13.8108852034664,NA
"5927",1995-03-30,13.3822038882224,NA
"5928",1995-03-31,12.7799410849802,NA
"5929",1995-04-01,13.0266589958535,NA
"5930",1995-04-02,12.4926264297657,NA
"5931",1995-04-03,12.4959238010066,NA
"5932",1995-04-04,12.7755232016431,NA
"5933",1995-04-05,12.2270993308397,NA
"5934",1995-04-06,11.5236713229486,NA
"5935",1995-04-07,11.5950266750526,NA
"5936",1995-04-08,11.3091237114856,NA
"5937",1995-04-09,11.2166857129059,NA
"5938",1995-04-10,11.0070788533973,NA
"5939",1995-04-11,10.4719728810694,NA
"5940",1995-04-12,10.8584471901427,NA
"5941",1995-04-13,11.6170274548518,NA
"5942",1995-04-14,12.7373298022919,NA
"5943",1995-04-15,13.630575261223,NA
"5944",1995-04-16,13.5711191602459,NA
"5945",1995-04-17,13.4676056350516,NA
"5946",1995-04-18,13.4938671811619,NA
"5947",1995-04-19,13.2116777552329,NA
"5948",1995-04-20,12.8722140080467,NA
"5949",1995-04-21,12.1484176732613,NA
"5950",1995-04-22,11.420905045208,NA
"5951",1995-04-23,12.0573109932034,NA
"5952",1995-04-24,11.6662381023966,NA
"5953",1995-04-25,11.840675115619,NA
"5954",1995-04-26,11.872320203447,NA
"5955",1995-04-27,11.4541155867566,NA
"5956",1995-04-28,11.7369618523591,NA
"5957",1995-04-29,12.6987733551032,NA
"5958",1995-04-30,12.8070376126354,NA
"5959",1995-05-01,13.8442231247884,NA
"5960",1995-05-02,13.8049726096913,NA
"5961",1995-05-03,13.5256919027429,NA
"5962",1995-05-04,13.725733480228,NA
"5963",1995-05-05,13.2563140102229,NA
"5964",1995-05-06,12.1405465340727,NA
"5965",1995-05-07,11.5910798432512,NA
"5966",1995-05-08,11.0529415917459,NA
"5967",1995-05-09,10.9449729344542,NA
"5968",1995-05-10,11.7159942666649,NA
"5969",1995-05-11,12.6373475579701,NA
"5970",1995-05-12,13.926757819369,NA
"5971",1995-05-13,14.3577102543169,NA
"5972",1995-05-14,14.0034776730297,NA
"5973",1995-05-15,13.8848607620385,NA
"5974",1995-05-16,13.6555961301366,NA
"5975",1995-05-17,13.1444371182148,NA
"5976",1995-05-18,12.2417590593044,NA
"5977",1995-05-19,11.0604494191707,NA
"5978",1995-05-20,10.5607981090364,NA
"5979",1995-05-21,10.7460571340478,NA
"5980",1995-05-22,10.4885242075941,NA
"5981",1995-05-23,10.310929136274,NA
"5982",1995-05-24,10.3913140406689,NA
"5983",1995-05-25,10.3452205314489,NA
"5984",1995-05-26,10.0460088427094,NA
"5985",1995-05-27,10.0530118994015,NA
"5986",1995-05-28,10.0152067266679,NA
"5987",1995-05-29,9.92253834442897,NA
"5988",1995-05-30,9.50891593489209,NA
"5989",1995-05-31,9.18910005645219,NA
"5990",1995-06-01,8.9256013496432,NA
"5991",1995-06-02,8.86626909535105,NA
"5992",1995-06-03,8.388273051523,NA
"5993",1995-06-04,8.10558210057976,NA
"5994",1995-06-05,8.44870924111905,NA
"5995",1995-06-06,9.28063372396493,NA
"5996",1995-06-07,10.2127191317426,NA
"5997",1995-06-08,11.3652251824245,NA
"5998",1995-06-09,12.3519631889739,NA
"5999",1995-06-10,12.9578214846981,NA
"6000",1995-06-11,13.3519485348552,NA
"6001",1995-06-12,13.1847868133114,NA
"6002",1995-06-13,12.6297373845691,NA
"6003",1995-06-14,11.3416405073634,NA
"6004",1995-06-15,10.2368215187614,NA
"6005",1995-06-16,9.19401339232788,NA
"6006",1995-06-17,8.43737891124123,NA
"6007",1995-06-18,8.35353980483639,NA
"6008",1995-06-19,8.16549104531602,NA
"6009",1995-06-20,8.04690685676505,NA
"6010",1995-06-21,7.66839243638603,NA
"6011",1995-06-22,6.95949432565775,NA
"6012",1995-06-23,6.74740653135591,NA
"6013",1995-06-24,6.85650155768467,NA
"6014",1995-06-25,6.65597641354576,NA
"6015",1995-06-26,6.86793717318009,NA
"6016",1995-06-27,6.91160051069106,NA
"6017",1995-06-28,7.4645218994141,NA
"6018",1995-06-29,8.01484377260703,NA
"6019",1995-06-30,8.22183937837596,NA
"6020",1995-07-01,8.27124403347787,NA
"6021",1995-07-02,8.4282556144762,NA
"6022",1995-07-03,7.85631787791901,NA
"6023",1995-07-04,7.7171561210491,NA
"6024",1995-07-05,7.706117625015,NA
"6025",1995-07-06,7.8030920729516,NA
"6026",1995-07-07,7.57190862102466,NA
"6027",1995-07-08,7.53299108041818,NA
"6028",1995-07-09,6.95023000043473,NA
"6029",1995-07-10,6.8672820308561,NA
"6030",1995-07-11,7.06653338948155,NA
"6031",1995-07-12,7.32671885876021,NA
"6032",1995-07-13,7.59451469062451,NA
"6033",1995-07-14,7.71208451296141,NA
"6034",1995-07-15,7.96115140755971,NA
"6035",1995-07-16,8.74706784990175,NA
"6036",1995-07-17,9.21559868061071,NA
"6037",1995-07-18,8.97943708290284,NA
"6038",1995-07-19,8.67304390229802,NA
"6039",1995-07-20,8.24323066155495,NA
"6040",1995-07-21,8.18958153882233,NA
"6041",1995-07-22,8.06865367180755,NA
"6042",1995-07-23,7.84750708125353,NA
"6043",1995-07-24,7.63407437803,NA
"6044",1995-07-25,7.5332406490747,NA
"6045",1995-07-26,7.37912957777474,NA
"6046",1995-07-27,7.62451362855328,NA
"6047",1995-07-28,7.54315132855975,NA
"6048",1995-07-29,7.19902133840896,NA
"6049",1995-07-30,6.83208075129332,NA
"6050",1995-07-31,6.68799133469111,NA
"6051",1995-08-01,6.90826636644452,NA
"6052",1995-08-02,6.50353327051079,NA
"6053",1995-08-03,6.26621217818347,NA
"6054",1995-08-04,6.6273569021691,NA
"6055",1995-08-05,6.87216674267997,NA
"6056",1995-08-06,6.9674080047556,NA
"6057",1995-08-07,7.11818991748762,NA
"6058",1995-08-08,7.00092097966978,NA
"6059",1995-08-09,7.53916933612815,NA
"6060",1995-08-10,7.65781668774012,NA
"6061",1995-08-11,7.28839572093886,NA
"6062",1995-08-12,7.27763257223703,NA
"6063",1995-08-13,7.36773431041848,NA
"6064",1995-08-14,7.72935874095681,NA
"6065",1995-08-15,8.50247442698447,NA
"6066",1995-08-16,9.47633140480894,NA
"6067",1995-08-17,10.4299479707336,NA
"6068",1995-08-18,11.3326442173156,NA
"6069",1995-08-19,12.1999058460109,NA
"6070",1995-08-20,13.4466868003189,NA
"6071",1995-08-21,13.6613606331467,NA
"6072",1995-08-22,13.6248958221695,NA
"6073",1995-08-23,13.1342814131093,NA
"6074",1995-08-24,13.2914357117232,NA
"6075",1995-08-25,13.0737594461318,NA
"6076",1995-08-26,12.8252722624313,NA
"6077",1995-08-27,11.4321325558013,NA
"6078",1995-08-28,10.9928101346736,NA
"6079",1995-08-29,10.8822706058599,NA
"6080",1995-08-30,10.7993098461771,NA
"6081",1995-08-31,9.70669343978734,NA
"6082",1995-09-01,9.2898601161577,NA
"6083",1995-09-02,8.64483273182424,NA
"6084",1995-09-03,9.23999487463007,NA
"6085",1995-09-04,8.9170941970853,NA
"6086",1995-09-05,7.81171815816976,NA
"6087",1995-09-06,7.08847987562843,NA
"6088",1995-09-07,6.91248627216157,NA
"6089",1995-09-08,7.01415379008268,NA
"6090",1995-09-09,7.02733651580772,NA
"6091",1995-09-10,6.89019444965604,NA
"6092",1995-09-11,7.40665328888989,NA
"6093",1995-09-12,8.39866523225172,NA
"6094",1995-09-13,9.88580466271698,NA
"6095",1995-09-14,10.2541933133964,NA
"6096",1995-09-15,10.4379677085628,NA
"6097",1995-09-16,10.9752947438334,NA
"6098",1995-09-17,10.9535812455592,NA
"6099",1995-09-18,12.1124910700644,NA
"6100",1995-09-19,12.6181716565205,NA
"6101",1995-09-20,11.9640335182123,NA
"6102",1995-09-21,12.2723623856279,NA
"6103",1995-09-22,12.621236364323,NA
"6104",1995-09-23,12.6291053963518,NA
"6105",1995-09-24,12.5333468982844,NA
"6106",1995-09-25,11.2675484469755,NA
"6107",1995-09-26,10.7167772483683,NA
"6108",1995-09-27,11.1606736805738,NA
"6109",1995-09-28,10.8023439119105,NA
"6110",1995-09-29,10.9221448672847,NA
"6111",1995-09-30,11.6036370359337,NA
"6112",1995-10-01,12.5243151971988,NA
"6113",1995-10-02,12.9506222975222,NA
"6114",1995-10-03,12.783239209564,NA
"6115",1995-10-04,12.4439112234785,NA
"6116",1995-10-05,12.9112849427486,NA
"6117",1995-10-06,12.7825462689661,NA
"6118",1995-10-07,11.9878402913787,NA
"6119",1995-10-08,10.9014130933964,NA
"6120",1995-10-09,11.2170699134078,NA
"6121",1995-10-10,12.301224415278,NA
"6122",1995-10-11,12.6692334573508,NA
"6123",1995-10-12,13.3198235836655,NA
"6124",1995-10-13,13.1828413505019,NA
"6125",1995-10-14,13.0915117709957,NA
"6126",1995-10-15,13.3349861399386,NA
"6127",1995-10-16,13.6189182212478,NA
"6128",1995-10-17,13.6945223333894,NA
"6129",1995-10-18,14.1076122291934,NA
"6130",1995-10-19,14.1853783622897,NA
"6131",1995-10-20,13.6585126400801,NA
"6132",1995-10-21,13.7361699452741,NA
"6133",1995-10-22,13.9501710624368,NA
"6134",1995-10-23,13.2194889455319,NA
"6135",1995-10-24,12.3116139812644,NA
"6136",1995-10-25,11.6901541712243,NA
"6137",1995-10-26,10.9818478399618,NA
"6138",1995-10-27,11.7217095897229,NA
"6139",1995-10-28,12.0721746976117,NA
"6140",1995-10-29,12.2616239061412,NA
"6141",1995-10-30,12.1374933232494,NA
"6142",1995-10-31,12.7693389265476,NA
"6143",1995-11-01,14.0180247841827,NA
"6144",1995-11-02,14.6925066889527,NA
"6145",1995-11-03,15.1803715153589,NA
"6146",1995-11-04,15.6078129750893,NA
"6147",1995-11-05,15.6231341378156,NA
"6148",1995-11-06,15.9160819906655,NA
"6149",1995-11-07,15.4001668960636,NA
"6150",1995-11-08,14.8497836234763,NA
"6151",1995-11-09,15.0947143915385,NA
"6152",1995-11-10,14.9409315731671,NA
"6153",1995-11-11,14.3705273807703,NA
"6154",1995-11-12,14.6773492084937,NA
"6155",1995-11-13,15.6742377118065,NA
"6156",1995-11-14,16.3486045393239,NA
"6157",1995-11-15,15.9502094085157,NA
"6158",1995-11-16,15.9092688166997,NA
"6159",1995-11-17,17.0472301571455,NA
"6160",1995-11-18,17.3193879965898,NA
"6161",1995-11-19,17.1013946279203,NA
"6162",1995-11-20,16.8588071754367,NA
"6163",1995-11-21,16.8126213692221,NA
"6164",1995-11-22,16.7372223349955,NA
"6165",1995-11-23,16.2065786076187,NA
"6166",1995-11-24,14.644353645557,NA
"6167",1995-11-25,14.8033348789624,NA
"6168",1995-11-26,15.7872694084939,NA
"6169",1995-11-27,16.5046164546678,NA
"6170",1995-11-28,16.9909350322979,NA
"6171",1995-11-29,17.5117084420825,NA
"6172",1995-11-30,17.8924854676939,NA
"6173",1995-12-01,18.1317982748357,NA
"6174",1995-12-02,18.5349768312353,NA
"6175",1995-12-03,18.5844214195222,NA
"6176",1995-12-04,17.16964539275,NA
"6177",1995-12-05,16.3065836363089,NA
"6178",1995-12-06,15.5355157549025,NA
"6179",1995-12-07,15.3551271710866,NA
"6180",1995-12-08,16.4597076912769,NA
"6181",1995-12-09,16.8258365317925,NA
"6182",1995-12-10,15.7161173005764,NA
"6183",1995-12-11,15.5256663660923,NA
"6184",1995-12-12,15.2512998921768,NA
"6185",1995-12-13,16.0561662469143,NA
"6186",1995-12-14,16.2954041770644,NA
"6187",1995-12-15,16.229268136282,NA
"6188",1995-12-16,15.4614438799504,NA
"6189",1995-12-17,16.8594592296692,NA
"6190",1995-12-18,17.52859970587,NA
"6191",1995-12-19,17.7680208951447,NA
"6192",1995-12-20,17.179678648886,NA
"6193",1995-12-21,16.5299799942762,NA
"6194",1995-12-22,15.3575106188021,NA
"6195",1995-12-23,14.8907540653478,NA
"6196",1995-12-24,13.4682225943758,NA
"6197",1995-12-25,13.5804568950046,NA
"6198",1995-12-26,14.1385165791063,NA
"6199",1995-12-27,14.7049149100185,NA
"6200",1995-12-28,15.0991050288169,NA
"6201",1995-12-29,15.7165412904397,NA
"6202",1995-12-30,16.741592119739,NA
"6203",1995-12-31,17.8399661845384,NA
"6204",1996-01-01,18.1087995545258,NA
"6205",1996-01-02,17.847832704326,NA
"6206",1996-01-03,17.7860765139233,NA
"6207",1996-01-04,18.0870552717397,NA
"6208",1996-01-05,18.4643308640106,NA
"6209",1996-01-06,18.6450552160683,NA
"6210",1996-01-07,18.4433514090123,NA
"6211",1996-01-08,18.7234893145676,NA
"6212",1996-01-09,19.3432062497703,NA
"6213",1996-01-10,19.7603121174062,NA
"6214",1996-01-11,20.1369623620871,NA
"6215",1996-01-12,20.1048737152907,NA
"6216",1996-01-13,20.2634314279703,NA
"6217",1996-01-14,21.112670378732,NA
"6218",1996-01-15,21.0551118531796,NA
"6219",1996-01-16,20.7367100938844,NA
"6220",1996-01-17,20.7466547374993,NA
"6221",1996-01-18,20.7399064264866,NA
"6222",1996-01-19,21.1105831483693,NA
"6223",1996-01-20,20.3504983921263,NA
"6224",1996-01-21,18.9637775991889,NA
"6225",1996-01-22,18.5006127735648,NA
"6226",1996-01-23,19.3053431114128,NA
"6227",1996-01-24,18.7642585505318,NA
"6228",1996-01-25,17.9902814281563,NA
"6229",1996-01-26,16.9571669608508,NA
"6230",1996-01-27,17.2955851632379,NA
"6231",1996-01-28,17.8146118262724,NA
"6232",1996-01-29,17.919395547967,NA
"6233",1996-01-30,17.8550418898307,NA
"6234",1996-01-31,18.2498788151512,NA
"6235",1996-02-01,18.3920079328208,NA
"6236",1996-02-02,18.1866570484591,NA
"6237",1996-02-03,18.0631329280891,NA
"6238",1996-02-04,18.1791168468449,NA
"6239",1996-02-05,18.6102887116544,NA
"6240",1996-02-06,18.165473447228,NA
"6241",1996-02-07,18.841384742176,NA
"6242",1996-02-08,18.3526856460827,NA
"6243",1996-02-09,18.1038001733451,NA
"6244",1996-02-10,17.978769231169,NA
"6245",1996-02-11,17.0515671498434,NA
"6246",1996-02-12,16.1598003839587,NA
"6247",1996-02-13,15.7633162505014,NA
"6248",1996-02-14,15.0179942197739,NA
"6249",1996-02-15,15.9532174836523,NA
"6250",1996-02-16,17.0609431943004,NA
"6251",1996-02-17,17.7301786318647,NA
"6252",1996-02-18,18.2403476895451,NA
"6253",1996-02-19,18.8114869034443,NA
"6254",1996-02-20,19.2919697393485,NA
"6255",1996-02-21,19.6239713970479,NA
"6256",1996-02-22,20.0060774490156,NA
"6257",1996-02-23,20.0805534176167,NA
"6258",1996-02-24,20.3120934295536,NA
"6259",1996-02-25,20.8407647014452,NA
"6260",1996-02-26,21.1421242450865,NA
"6261",1996-02-27,20.7309982866362,NA
"6262",1996-02-28,19.8224042026766,NA
"6263",1996-02-29,18.9595477104919,NA
"6264",1996-03-01,18.4184087476187,NA
"6265",1996-03-02,17.6171210930889,NA
"6266",1996-03-03,16.671698944921,NA
"6267",1996-03-04,16.2621045692768,NA
"6268",1996-03-05,17.2525446427907,NA
"6269",1996-03-06,18.0679752198501,NA
"6270",1996-03-07,17.9794203396958,NA
"6271",1996-03-08,17.7405272475921,NA
"6272",1996-03-09,17.8959808528427,NA
"6273",1996-03-10,18.3096203867824,NA
"6274",1996-03-11,18.5167840797686,NA
"6275",1996-03-12,18.4670350276351,NA
"6276",1996-03-13,18.5755145489437,NA
"6277",1996-03-14,18.8651884383799,NA
"6278",1996-03-15,19.915737928281,NA
"6279",1996-03-16,19.8053241389639,NA
"6280",1996-03-17,19.0918611345526,NA
"6281",1996-03-18,18.2007388486463,NA
"6282",1996-03-19,16.8023781928864,NA
"6283",1996-03-20,15.8876849519259,NA
"6284",1996-03-21,15.5333838214413,NA
"6285",1996-03-22,13.8197007298937,NA
"6286",1996-03-23,14.1062667664613,NA
"6287",1996-03-24,15.2484977801504,NA
"6288",1996-03-25,16.7081512790712,NA
"6289",1996-03-26,17.6563814849542,NA
"6290",1996-03-27,18.3497621428879,NA
"6291",1996-03-28,19.3160281530014,NA
"6292",1996-03-29,20.2057963207712,NA
"6293",1996-03-30,19.9915250915357,NA
"6294",1996-03-31,19.2923490326261,NA
"6295",1996-04-01,18.1015459836061,NA
"6296",1996-04-02,17.5241090733009,NA
"6297",1996-04-03,16.9406811399414,NA
"6298",1996-04-04,15.8626165061372,NA
"6299",1996-04-05,14.9477101170542,NA
"6300",1996-04-06,15.3687140266331,NA
"6301",1996-04-07,15.2439574365979,NA
"6302",1996-04-08,15.089986974844,NA
"6303",1996-04-09,14.463830833223,NA
"6304",1996-04-10,13.9172852675332,NA
"6305",1996-04-11,13.4470103510649,NA
"6306",1996-04-12,13.2113466831928,NA
"6307",1996-04-13,12.3467305702628,NA
"6308",1996-04-14,12.2366866524456,NA
"6309",1996-04-15,12.3956380645084,NA
"6310",1996-04-16,12.444426062894,NA
"6311",1996-04-17,12.4784115461899,NA
"6312",1996-04-18,12.5264342534466,NA
"6313",1996-04-19,12.2498976830695,NA
"6314",1996-04-20,12.2785333013151,NA
"6315",1996-04-21,12.0401042084332,NA
"6316",1996-04-22,11.7725762110892,NA
"6317",1996-04-23,12.2129657267729,NA
"6318",1996-04-24,12.8392800795938,NA
"6319",1996-04-25,13.2840813142046,NA
"6320",1996-04-26,13.859343432829,NA
"6321",1996-04-27,13.2245794764206,NA
"6322",1996-04-28,12.9577708227236,NA
"6323",1996-04-29,12.8152024696534,NA
"6324",1996-04-30,12.4739081483019,NA
"6325",1996-05-01,12.5344276692946,NA
"6326",1996-05-02,12.6706114261899,NA
"6327",1996-05-03,12.6708377523132,NA
"6328",1996-05-04,13.841124481422,NA
"6329",1996-05-05,14.9265760236342,NA
"6330",1996-05-06,15.3904039289665,NA
"6331",1996-05-07,15.4558523044205,NA
"6332",1996-05-08,14.5937813159423,NA
"6333",1996-05-09,14.5112452660995,NA
"6334",1996-05-10,14.5521606350247,NA
"6335",1996-05-11,13.8502384136938,NA
"6336",1996-05-12,12.6761557650021,NA
"6337",1996-05-13,11.971063966175,NA
"6338",1996-05-14,11.4833226715662,NA
"6339",1996-05-15,11.7111636469602,NA
"6340",1996-05-16,10.7806774515765,NA
"6341",1996-05-17,9.90057388455814,NA
"6342",1996-05-18,9.88250047964934,NA
"6343",1996-05-19,10.2681726653326,NA
"6344",1996-05-20,10.3913153010039,NA
"6345",1996-05-21,10.7438167254858,NA
"6346",1996-05-22,10.7945379800454,NA
"6347",1996-05-23,11.2540963408638,NA
"6348",1996-05-24,11.3881331588842,NA
"6349",1996-05-25,11.0775179850323,NA
"6350",1996-05-26,10.4184757627559,NA
"6351",1996-05-27,10.1403886204523,NA
"6352",1996-05-28,9.83471466163823,NA
"6353",1996-05-29,9.42683906246457,NA
"6354",1996-05-30,9.05031596518652,NA
"6355",1996-05-31,8.78269883855831,NA
"6356",1996-06-01,9.0872345875142,NA
"6357",1996-06-02,9.32304430127694,NA
"6358",1996-06-03,10.3181996709043,NA
"6359",1996-06-04,10.0307796193509,NA
"6360",1996-06-05,10.1691094572986,NA
"6361",1996-06-06,10.1978581274046,NA
"6362",1996-06-07,9.83799858614707,NA
"6363",1996-06-08,9.28626978920076,NA
"6364",1996-06-09,9.31414732526395,NA
"6365",1996-06-10,8.3684409394341,NA
"6366",1996-06-11,8.20238327920482,NA
"6367",1996-06-12,7.58974644944136,NA
"6368",1996-06-13,7.34553438428792,NA
"6369",1996-06-14,7.20699527311175,NA
"6370",1996-06-15,6.78222218554821,NA
"6371",1996-06-16,6.94537921124828,NA
"6372",1996-06-17,7.46062134443804,NA
"6373",1996-06-18,8.3171350825881,NA
"6374",1996-06-19,8.98245829715623,NA
"6375",1996-06-20,9.19984965039007,NA
"6376",1996-06-21,9.70275908832643,NA
"6377",1996-06-22,10.5472588218049,NA
"6378",1996-06-23,10.5476093523104,NA
"6379",1996-06-24,10.4230355848851,NA
"6380",1996-06-25,10.2136307400982,NA
"6381",1996-06-26,9.90499336281033,NA
"6382",1996-06-27,9.77047930332614,NA
"6383",1996-06-28,9.74410002444378,NA
"6384",1996-06-29,9.70402899775698,NA
"6385",1996-06-30,9.48383894475495,NA
"6386",1996-07-01,9.21171560194888,NA
"6387",1996-07-02,8.6812815947966,NA
"6388",1996-07-03,8.66181363111863,NA
"6389",1996-07-04,8.8945724289513,NA
"6390",1996-07-05,9.09394176560581,NA
"6391",1996-07-06,8.65168578009521,NA
"6392",1996-07-07,8.36255658023422,NA
"6393",1996-07-08,7.8081162731795,NA
"6394",1996-07-09,7.55311867505344,NA
"6395",1996-07-10,7.22076221317314,NA
"6396",1996-07-11,6.74546724021543,NA
"6397",1996-07-12,6.08939119995964,NA
"6398",1996-07-13,5.91826680648986,NA
"6399",1996-07-14,5.97038919724263,NA
"6400",1996-07-15,6.26339608140623,NA
"6401",1996-07-16,6.7337808378932,NA
"6402",1996-07-17,7.1543723038728,NA
"6403",1996-07-18,7.74375106024819,NA
"6404",1996-07-19,8.38894444909007,NA
"6405",1996-07-20,8.55053379775873,NA
"6406",1996-07-21,8.87033122541013,NA
"6407",1996-07-22,9.26842548997219,NA
"6408",1996-07-23,9.49907905285496,NA
"6409",1996-07-24,9.21335589439691,NA
"6410",1996-07-25,8.84631184899835,NA
"6411",1996-07-26,8.57410608287385,NA
"6412",1996-07-27,8.85993208025718,NA
"6413",1996-07-28,9.16271347471944,NA
"6414",1996-07-29,9.36868381327277,NA
"6415",1996-07-30,9.19962424888321,NA
"6416",1996-07-31,9.66724258746976,NA
"6417",1996-08-01,9.99407780655307,NA
"6418",1996-08-02,10.3579599272023,NA
"6419",1996-08-03,10.3677595399055,NA
"6420",1996-08-04,9.82871294618001,NA
"6421",1996-08-05,9.48500387742101,NA
"6422",1996-08-06,9.23300680573817,NA
"6423",1996-08-07,8.50793984100414,NA
"6424",1996-08-08,7.99944571701807,NA
"6425",1996-08-09,8.00867843617935,NA
"6426",1996-08-10,8.07759168401687,NA
"6427",1996-08-11,8.52374472713892,NA
"6428",1996-08-12,8.9471837490212,NA
"6429",1996-08-13,9.76615550689867,NA
"6430",1996-08-14,10.2042981307456,NA
"6431",1996-08-15,10.4668185988078,NA
"6432",1996-08-16,10.2353883363681,NA
"6433",1996-08-17,9.84204147314296,NA
"6434",1996-08-18,8.94122971342593,NA
"6435",1996-08-19,8.2742164545116,NA
"6436",1996-08-20,7.48089337333412,NA
"6437",1996-08-21,7.69343720746866,NA
"6438",1996-08-22,7.70545554738077,NA
"6439",1996-08-23,7.49048509203145,NA
"6440",1996-08-24,7.97642121521108,NA
"6441",1996-08-25,8.94994822359652,NA
"6442",1996-08-26,9.78901076097718,NA
"6443",1996-08-27,10.6582548476924,NA
"6444",1996-08-28,10.9222967650414,NA
"6445",1996-08-29,11.224245539666,NA
"6446",1996-08-30,11.497581119031,NA
"6447",1996-08-31,11.209597743249,NA
"6448",1996-09-01,10.9823824912605,NA
"6449",1996-09-02,10.3985151633798,NA
"6450",1996-09-03,9.90918303171765,NA
"6451",1996-09-04,9.91250260193514,NA
"6452",1996-09-05,9.69637273314247,NA
"6453",1996-09-06,9.84936238530438,NA
"6454",1996-09-07,10.0078346690661,NA
"6455",1996-09-08,9.91316576418769,NA
"6456",1996-09-09,10.0908973893579,NA
"6457",1996-09-10,10.0030030445237,NA
"6458",1996-09-11,10.1257802528681,NA
"6459",1996-09-12,9.64590400924441,NA
"6460",1996-09-13,9.49641876862317,NA
"6461",1996-09-14,9.87235305130585,NA
"6462",1996-09-15,10.8942327033755,NA
"6463",1996-09-16,11.8521632909666,NA
"6464",1996-09-17,12.2770743300711,NA
"6465",1996-09-18,13.1560011687839,NA
"6466",1996-09-19,13.6376681959972,NA
"6467",1996-09-20,13.1933336206662,NA
"6468",1996-09-21,12.6499023842436,NA
"6469",1996-09-22,12.1049106596434,NA
"6470",1996-09-23,11.2536324327869,NA
"6471",1996-09-24,10.5562467511221,NA
"6472",1996-09-25,9.37254805241364,NA
"6473",1996-09-26,8.89702160170904,NA
"6474",1996-09-27,9.30163466143294,NA
"6475",1996-09-28,10.1727819937782,NA
"6476",1996-09-29,10.3323336595028,NA
"6477",1996-09-30,10.1967077107879,NA
"6478",1996-10-01,10.8909520366056,NA
"6479",1996-10-02,11.2993124122121,NA
"6480",1996-10-03,12.2430990325106,NA
"6481",1996-10-04,13.4412850132034,NA
"6482",1996-10-05,12.888916660361,NA
"6483",1996-10-06,12.5557964990607,NA
"6484",1996-10-07,12.8294594232185,NA
"6485",1996-10-08,13.1404610499018,NA
"6486",1996-10-09,13.7779602534082,NA
"6487",1996-10-10,14.8860267073381,NA
"6488",1996-10-11,14.8932021580918,NA
"6489",1996-10-12,14.929289738122,NA
"6490",1996-10-13,15.1889340273771,NA
"6491",1996-10-14,15.6683629633732,NA
"6492",1996-10-15,16.6385525675108,NA
"6493",1996-10-16,16.0968476206387,NA
"6494",1996-10-17,15.0018305300575,NA
"6495",1996-10-18,14.5795034576422,NA
"6496",1996-10-19,14.1139093913134,NA
"6497",1996-10-20,13.5776535763819,NA
"6498",1996-10-21,13.0558121296029,NA
"6499",1996-10-22,12.1917187448873,NA
"6500",1996-10-23,13.196550496914,NA
"6501",1996-10-24,14.5473765237933,NA
"6502",1996-10-25,14.1107450570558,NA
"6503",1996-10-26,14.6459324735332,NA
"6504",1996-10-27,15.3218113652789,NA
"6505",1996-10-28,15.3536078933283,NA
"6506",1996-10-29,15.1147451296201,NA
"6507",1996-10-30,13.950249531899,NA
"6508",1996-10-31,12.9202659152491,NA
"6509",1996-11-01,13.9625528227324,NA
"6510",1996-11-02,15.3970330734169,NA
"6511",1996-11-03,15.3208582960355,NA
"6512",1996-11-04,15.192319699633,NA
"6513",1996-11-05,14.9389556713678,NA
"6514",1996-11-06,15.1867721617802,NA
"6515",1996-11-07,15.2916525016938,NA
"6516",1996-11-08,15.4401010815347,NA
"6517",1996-11-09,14.2118756119633,NA
"6518",1996-11-10,13.694583124383,NA
"6519",1996-11-11,14.0813423011633,NA
"6520",1996-11-12,14.6527798399165,NA
"6521",1996-11-13,15.5190769814062,NA
"6522",1996-11-14,15.2652814297263,NA
"6523",1996-11-15,14.2546392829354,NA
"6524",1996-11-16,15.047791422581,NA
"6525",1996-11-17,15.5466312720566,NA
"6526",1996-11-18,15.1851471254818,NA
"6527",1996-11-19,14.7654005443401,NA
"6528",1996-11-20,13.627426043484,NA
"6529",1996-11-21,13.1211015842555,NA
"6530",1996-11-22,12.9031438984828,NA
"6531",1996-11-23,12.2753918231392,NA
"6532",1996-11-24,13.2206128050628,NA
"6533",1996-11-25,14.482562095779,NA
"6534",1996-11-26,14.9278001695403,NA
"6535",1996-11-27,15.5191113115498,NA
"6536",1996-11-28,16.0922787850733,NA
"6537",1996-11-29,16.3896839002446,NA
"6538",1996-11-30,16.1967195732105,NA
"6539",1996-12-01,15.0695630612242,NA
"6540",1996-12-02,14.10609368348,NA
"6541",1996-12-03,14.0603127396223,NA
"6542",1996-12-04,13.7459131213068,NA
"6543",1996-12-05,14.0923875824774,NA
"6544",1996-12-06,14.4373920718396,NA
"6545",1996-12-07,14.4315592209774,NA
"6546",1996-12-08,15.0099918441224,NA
"6547",1996-12-09,15.0123090622321,NA
"6548",1996-12-10,14.7283047830094,NA
"6549",1996-12-11,14.8799809555092,NA
"6550",1996-12-12,14.6257521932389,NA
"6551",1996-12-13,14.9547219506091,NA
"6552",1996-12-14,16.3591507246277,NA
"6553",1996-12-15,17.6854256270856,NA
"6554",1996-12-16,18.2757781935184,NA
"6555",1996-12-17,18.25352889976,NA
"6556",1996-12-18,18.357373134508,NA
"6557",1996-12-19,18.3702201473326,NA
"6558",1996-12-20,18.3416591726166,NA
"6559",1996-12-21,18.7454105342534,NA
"6560",1996-12-22,18.1806753662586,NA
"6561",1996-12-23,18.1584473208812,NA
"6562",1996-12-24,19.6114938406422,NA
"6563",1996-12-25,19.7378250482698,NA
"6564",1996-12-26,19.6469952385687,NA
"6565",1996-12-27,19.9158480264945,NA
"6566",1996-12-28,19.0491909855742,NA
"6567",1996-12-29,18.3302454034419,NA
"6568",1996-12-30,17.9890944614872,NA
"6569",1996-12-31,16.5506863827006,NA
"6570",1997-01-01,16.465001670342,NA
"6571",1997-01-02,17.0862973717882,NA
"6572",1997-01-03,17.2535395610311,NA
"6573",1997-01-04,18.4079598588843,NA
"6574",1997-01-05,20.0244703359972,NA
"6575",1997-01-06,20.4805532348935,NA
"6576",1997-01-07,20.3804763820791,NA
"6577",1997-01-08,20.4063555888815,NA
"6578",1997-01-09,20.2848804088727,NA
"6579",1997-01-10,19.9501875627152,NA
"6580",1997-01-11,19.1005449685887,NA
"6581",1997-01-12,18.1671333477152,NA
"6582",1997-01-13,18.6730263477419,NA
"6583",1997-01-14,20.0912733722949,NA
"6584",1997-01-15,20.3468830344784,NA
"6585",1997-01-16,20.1529016624214,NA
"6586",1997-01-17,20.0270516089803,NA
"6587",1997-01-18,20.2113695661907,NA
"6588",1997-01-19,20.9760319215059,NA
"6589",1997-01-20,21.743711350337,NA
"6590",1997-01-21,21.7591954604443,NA
"6591",1997-01-22,21.6033175914535,NA
"6592",1997-01-23,21.6378884647644,NA
"6593",1997-01-24,21.6204424495923,NA
"6594",1997-01-25,21.8253217537027,NA
"6595",1997-01-26,21.5579992653598,NA
"6596",1997-01-27,20.4168876865069,NA
"6597",1997-01-28,19.3505849119764,NA
"6598",1997-01-29,19.7818899411314,NA
"6599",1997-01-30,20.5760550643709,NA
"6600",1997-01-31,21.4023671601924,NA
"6601",1997-02-01,21.0925309677021,NA
"6602",1997-02-02,20.6873637258558,NA
"6603",1997-02-03,21.02733265346,NA
"6604",1997-02-04,21.8521924798808,NA
"6605",1997-02-05,22.4607933631215,NA
"6606",1997-02-06,22.8016530065906,NA
"6607",1997-02-07,22.9769043333988,NA
"6608",1997-02-08,23.1524370034546,NA
"6609",1997-02-09,23.1311966382984,NA
"6610",1997-02-10,22.9515563112188,NA
"6611",1997-02-11,22.5642422120065,NA
"6612",1997-02-12,22.2198539206452,NA
"6613",1997-02-13,21.8148260477741,NA
"6614",1997-02-14,21.5634866528492,NA
"6615",1997-02-15,21.2827754494289,NA
"6616",1997-02-16,21.3943506027683,NA
"6617",1997-02-17,22.0593941967102,NA
"6618",1997-02-18,22.7280541009746,NA
"6619",1997-02-19,22.9972294731113,NA
"6620",1997-02-20,23.0449828516469,NA
"6621",1997-02-21,22.9232856189588,NA
"6622",1997-02-22,22.8752181206558,NA
"6623",1997-02-23,22.8502666175686,NA
"6624",1997-02-24,22.3919694297965,NA
"6625",1997-02-25,21.4784423763977,NA
"6626",1997-02-26,20.1676426227826,NA
"6627",1997-02-27,19.0676657908222,NA
"6628",1997-02-28,18.9491533405911,NA
"6629",1997-03-01,18.4135793992029,NA
"6630",1997-03-02,18.106984969098,NA
"6631",1997-03-03,18.4028844827645,NA
"6632",1997-03-04,18.2603129389419,NA
"6633",1997-03-05,18.611374195168,NA
"6634",1997-03-06,19.161370423397,NA
"6635",1997-03-07,19.2069432074752,NA
"6636",1997-03-08,19.1262399145409,NA
"6637",1997-03-09,18.6647136271944,NA
"6638",1997-03-10,18.3186283861035,NA
"6639",1997-03-11,18.8430429278296,NA
"6640",1997-03-12,18.4224470767067,NA
"6641",1997-03-13,17.4826827474081,NA
"6642",1997-03-14,16.5391938219867,NA
"6643",1997-03-15,16.5562887405963,NA
"6644",1997-03-16,16.7183374615587,NA
"6645",1997-03-17,16.527382338932,NA
"6646",1997-03-18,16.6295537242759,NA
"6647",1997-03-19,16.8332523756806,NA
"6648",1997-03-20,17.2303218964533,NA
"6649",1997-03-21,17.2885101548856,NA
"6650",1997-03-22,17.3901190450164,NA
"6651",1997-03-23,17.1264026717086,NA
"6652",1997-03-24,17.2785946077578,NA
"6653",1997-03-25,16.7831819005894,NA
"6654",1997-03-26,16.9416677473707,NA
"6655",1997-03-27,17.0781361903522,NA
"6656",1997-03-28,16.707379022446,NA
"6657",1997-03-29,15.961907576293,NA
"6658",1997-03-30,16.1182714191676,NA
"6659",1997-03-31,15.4937215227417,NA
"6660",1997-04-01,14.9827570686166,NA
"6661",1997-04-02,13.9784835923085,NA
"6662",1997-04-03,13.386073056557,NA
"6663",1997-04-04,13.7419542739825,NA
"6664",1997-04-05,14.148592723275,NA
"6665",1997-04-06,13.9020889808844,NA
"6666",1997-04-07,13.7559476314274,NA
"6667",1997-04-08,13.5247413858362,NA
"6668",1997-04-09,13.6441197858377,NA
"6669",1997-04-10,13.5024917243537,NA
"6670",1997-04-11,13.0838959525387,NA
"6671",1997-04-12,13.4485476428147,NA
"6672",1997-04-13,14.3837740124606,NA
"6673",1997-04-14,15.0154250194691,NA
"6674",1997-04-15,14.9643091941377,NA
"6675",1997-04-16,14.9417204547792,NA
"6676",1997-04-17,15.2935329973574,NA
"6677",1997-04-18,14.9034400339981,NA
"6678",1997-04-19,14.3225951469781,NA
"6679",1997-04-20,13.7638755730995,NA
"6680",1997-04-21,14.1674142029675,NA
"6681",1997-04-22,14.8926740710043,NA
"6682",1997-04-23,15.503310308592,NA
"6683",1997-04-24,14.8094643818621,NA
"6684",1997-04-25,14.7605400158479,NA
"6685",1997-04-26,14.8902675062544,NA
"6686",1997-04-27,14.9300278671658,NA
"6687",1997-04-28,15.0542836615105,NA
"6688",1997-04-29,15.2167863865524,NA
"6689",1997-04-30,15.5067431395011,NA
"6690",1997-05-01,16.8188556705146,NA
"6691",1997-05-02,17.9767160435056,NA
"6692",1997-05-03,18.3202611932787,NA
"6693",1997-05-04,17.8830416057684,NA
"6694",1997-05-05,17.0039675086292,NA
"6695",1997-05-06,16.3680041795139,NA
"6696",1997-05-07,14.6120468990608,NA
"6697",1997-05-08,13.0997821036213,NA
"6698",1997-05-09,11.4723388319669,NA
"6699",1997-05-10,10.4088765279316,NA
"6700",1997-05-11,10.2592512097621,NA
"6701",1997-05-12,10.1839227773958,NA
"6702",1997-05-13,9.84353959943985,NA
"6703",1997-05-14,10.3538371187222,NA
"6704",1997-05-15,10.184168946923,NA
"6705",1997-05-16,10.7209359101053,NA
"6706",1997-05-17,10.8891401505808,NA
"6707",1997-05-18,10.8654132527539,NA
"6708",1997-05-19,10.8793498719296,NA
"6709",1997-05-20,10.95849561211,NA
"6710",1997-05-21,11.3614810819731,NA
"6711",1997-05-22,11.9806598962003,NA
"6712",1997-05-23,12.0929741887558,NA
"6713",1997-05-24,11.7718218636315,NA
"6714",1997-05-25,12.0765084937066,NA
"6715",1997-05-26,12.0444319655065,NA
"6716",1997-05-27,12.0955371820467,NA
"6717",1997-05-28,12.0455479719541,NA
"6718",1997-05-29,10.9629632794939,NA
"6719",1997-05-30,9.89107534817142,NA
"6720",1997-05-31,9.44400751146524,NA
"6721",1997-06-01,8.41686230229054,NA
"6722",1997-06-02,7.77006745561339,NA
"6723",1997-06-03,7.56967326469233,NA
"6724",1997-06-04,7.5869925097675,NA
"6725",1997-06-05,8.88705330263147,NA
"6726",1997-06-06,9.31900939577154,NA
"6727",1997-06-07,9.51214179643396,NA
"6728",1997-06-08,9.61088685964974,NA
"6729",1997-06-09,9.922583060353,NA
"6730",1997-06-10,9.58655810860835,NA
"6731",1997-06-11,9.3397301753977,NA
"6732",1997-06-12,9.05475466002773,NA
"6733",1997-06-13,8.78801913346464,NA
"6734",1997-06-14,8.66196853935504,NA
"6735",1997-06-15,8.7900541297131,NA
"6736",1997-06-16,9.02233514382278,NA
"6737",1997-06-17,9.19081656499406,NA
"6738",1997-06-18,8.67479785102915,NA
"6739",1997-06-19,7.9682039997236,NA
"6740",1997-06-20,8.17818197403107,NA
"6741",1997-06-21,8.65506553776298,NA
"6742",1997-06-22,8.92324383019989,NA
"6743",1997-06-23,8.86985515760949,NA
"6744",1997-06-24,8.65958901560628,NA
"6745",1997-06-25,8.85102890303786,NA
"6746",1997-06-26,9.32889228987088,NA
"6747",1997-06-27,9.75149771641805,NA
"6748",1997-06-28,9.86175531695623,NA
"6749",1997-06-29,10.1080462310677,NA
"6750",1997-06-30,10.1413648464791,NA
"6751",1997-07-01,10.1382087090357,NA
"6752",1997-07-02,10.0701726065473,NA
"6753",1997-07-03,9.6443656050432,NA
"6754",1997-07-04,9.06385397666235,NA
"6755",1997-07-05,8.49980920420198,NA
"6756",1997-07-06,8.20192368938366,NA
"6757",1997-07-07,8.30224806164067,NA
"6758",1997-07-08,8.29928778451522,NA
"6759",1997-07-09,7.71436171679302,NA
"6760",1997-07-10,7.30804831803349,NA
"6761",1997-07-11,6.840369836893,NA
"6762",1997-07-12,6.85034051193103,NA
"6763",1997-07-13,6.2385442332988,NA
"6764",1997-07-14,5.81119488819868,NA
"6765",1997-07-15,5.35412710536662,NA
"6766",1997-07-16,5.53679772457023,NA
"6767",1997-07-17,5.71747391846695,NA
"6768",1997-07-18,6.18855669268797,NA
"6769",1997-07-19,6.16167544403878,NA
"6770",1997-07-20,6.68501249170502,NA
"6771",1997-07-21,6.99930071724872,NA
"6772",1997-07-22,7.57299613719544,NA
"6773",1997-07-23,7.68098926215421,NA
"6774",1997-07-24,7.98114830668661,NA
"6775",1997-07-25,8.58338837328258,NA
"6776",1997-07-26,9.12453425510553,NA
"6777",1997-07-27,9.36717453343066,NA
"6778",1997-07-28,8.88039884010614,NA
"6779",1997-07-29,8.28582788740415,NA
"6780",1997-07-30,8.45361628176841,NA
"6781",1997-07-31,8.2235690474015,NA
"6782",1997-08-01,7.50150596210666,NA
"6783",1997-08-02,6.89608732372025,NA
"6784",1997-08-03,6.07990246398454,NA
"6785",1997-08-04,6.04207736777787,NA
"6786",1997-08-05,6.98086018573863,NA
"6787",1997-08-06,7.55129282092685,NA
"6788",1997-08-07,7.46974945269305,NA
"6789",1997-08-08,7.31710682616722,NA
"6790",1997-08-09,7.5603159285039,NA
"6791",1997-08-10,8.27779392511907,NA
"6792",1997-08-11,8.54312092033349,NA
"6793",1997-08-12,8.40067250125482,NA
"6794",1997-08-13,8.13884269148311,NA
"6795",1997-08-14,8.67730759878959,NA
"6796",1997-08-15,9.49628487548099,NA
"6797",1997-08-16,10.0769212444417,NA
"6798",1997-08-17,9.88454814125548,NA
"6799",1997-08-18,9.78429131799054,NA
"6800",1997-08-19,9.69840591748973,NA
"6801",1997-08-20,9.36615642231323,NA
"6802",1997-08-21,8.98584688951729,NA
"6803",1997-08-22,8.77178418776126,NA
"6804",1997-08-23,7.67366146485016,NA
"6805",1997-08-24,7.367220443358,NA
"6806",1997-08-25,7.37983274314297,NA
"6807",1997-08-26,7.43792958930738,NA
"6808",1997-08-27,7.88054055373436,NA
"6809",1997-08-28,8.19315744410382,NA
"6810",1997-08-29,8.44058785490358,NA
"6811",1997-08-30,9.62898220917663,NA
"6812",1997-08-31,10.5921658597714,NA
"6813",1997-09-01,11.5721324218573,NA
"6814",1997-09-02,12.0350516909667,NA
"6815",1997-09-03,12.3561215881998,NA
"6816",1997-09-04,12.2452773718473,NA
"6817",1997-09-05,11.9987779888774,NA
"6818",1997-09-06,11.9760887917637,NA
"6819",1997-09-07,11.7093627240785,NA
"6820",1997-09-08,11.2655229147344,NA
"6821",1997-09-09,11.1402091921422,NA
"6822",1997-09-10,10.7964898488572,NA
"6823",1997-09-11,10.8000866790108,NA
"6824",1997-09-12,10.9803151937308,NA
"6825",1997-09-13,11.1344860483489,NA
"6826",1997-09-14,11.3080528141573,NA
"6827",1997-09-15,11.2864841643303,NA
"6828",1997-09-16,10.9538640232302,NA
"6829",1997-09-17,10.7886109323303,NA
"6830",1997-09-18,11.3689660436503,NA
"6831",1997-09-19,11.5033653661722,NA
"6832",1997-09-20,11.1622264952515,NA
"6833",1997-09-21,11.0233103450815,NA
"6834",1997-09-22,10.9854208969806,NA
"6835",1997-09-23,11.1506471113393,NA
"6836",1997-09-24,11.345529766121,NA
"6837",1997-09-25,11.373239606353,NA
"6838",1997-09-26,11.7337472587933,NA
"6839",1997-09-27,11.8133823486416,NA
"6840",1997-09-28,11.2815986912131,NA
"6841",1997-09-29,11.0324404646292,NA
"6842",1997-09-30,11.1940408104446,NA
"6843",1997-10-01,12.2207117487932,NA
"6844",1997-10-02,12.3236955322337,NA
"6845",1997-10-03,11.4207019154011,NA
"6846",1997-10-04,11.0582149438948,NA
"6847",1997-10-05,11.5707926769902,NA
"6848",1997-10-06,12.1416319536683,NA
"6849",1997-10-07,12.4457442741023,NA
"6850",1997-10-08,11.6903315841649,NA
"6851",1997-10-09,12.2485704821388,NA
"6852",1997-10-10,14.1793577883707,NA
"6853",1997-10-11,15.0344816719307,NA
"6854",1997-10-12,15.0598195928005,NA
"6855",1997-10-13,15.2084860042021,NA
"6856",1997-10-14,14.7373516331811,NA
"6857",1997-10-15,14.7510889981122,NA
"6858",1997-10-16,13.7220138987567,NA
"6859",1997-10-17,12.0224319831962,NA
"6860",1997-10-18,11.029792565908,NA
"6861",1997-10-19,10.9409289014947,NA
"6862",1997-10-20,10.4628899093592,NA
"6863",1997-10-21,10.7999464672315,NA
"6864",1997-10-22,11.0260476616187,NA
"6865",1997-10-23,12.2708410893133,NA
"6866",1997-10-24,14.0296362371803,NA
"6867",1997-10-25,15.9337302832761,NA
"6868",1997-10-26,17.5265624720596,NA
"6869",1997-10-27,18.0576581391613,NA
"6870",1997-10-28,18.7686797762465,NA
"6871",1997-10-29,18.9130308411455,NA
"6872",1997-10-30,18.8856138178476,NA
"6873",1997-10-31,18.0135590694641,NA
"6874",1997-11-01,16.9234419246623,NA
"6875",1997-11-02,15.4825014633206,NA
"6876",1997-11-03,15.0962032700613,NA
"6877",1997-11-04,14.2641029009146,NA
"6878",1997-11-05,14.957157905702,NA
"6879",1997-11-06,15.3827463415769,NA
"6880",1997-11-07,15.6742938119771,NA
"6881",1997-11-08,15.7632901928233,NA
"6882",1997-11-09,16.9709640270469,NA
"6883",1997-11-10,17.9286371858864,NA
"6884",1997-11-11,18.1835173114634,NA
"6885",1997-11-12,17.3823685147058,NA
"6886",1997-11-13,17.0268057530201,NA
"6887",1997-11-14,16.3102912810917,NA
"6888",1997-11-15,15.7609426182008,NA
"6889",1997-11-16,14.3764526522594,NA
"6890",1997-11-17,13.2385243763259,NA
"6891",1997-11-18,13.1796726132276,NA
"6892",1997-11-19,13.4424160410149,NA
"6893",1997-11-20,13.2489351310374,NA
"6894",1997-11-21,14.9326763637763,NA
"6895",1997-11-22,17.0867704793124,NA
"6896",1997-11-23,18.2548167787679,NA
"6897",1997-11-24,19.3569562050461,NA
"6898",1997-11-25,20.7345343938248,NA
"6899",1997-11-26,21.6876357344197,NA
"6900",1997-11-27,21.903566711689,NA
"6901",1997-11-28,21.3538545536664,NA
"6902",1997-11-29,20.6379035486059,NA
"6903",1997-11-30,20.2843974402832,NA
"6904",1997-12-01,20.240082798555,NA
"6905",1997-12-02,18.9885606623318,NA
"6906",1997-12-03,17.5775965003205,NA
"6907",1997-12-04,17.3123066758541,NA
"6908",1997-12-05,17.8374856971772,NA
"6909",1997-12-06,17.8597279513326,NA
"6910",1997-12-07,18.0313356569095,NA
"6911",1997-12-08,17.7781193601686,NA
"6912",1997-12-09,17.7072572795337,NA
"6913",1997-12-10,18.4023807626611,NA
"6914",1997-12-11,19.1611857574186,NA
"6915",1997-12-12,19.6698484436424,NA
"6916",1997-12-13,20.0668469321927,NA
"6917",1997-12-14,20.019764952682,NA
"6918",1997-12-15,19.7921055735324,NA
"6919",1997-12-16,19.9866370612202,NA
"6920",1997-12-17,19.897759375404,NA
"6921",1997-12-18,18.8041008045581,NA
"6922",1997-12-19,17.9914221702889,NA
"6923",1997-12-20,18.3402346895312,NA
"6924",1997-12-21,18.8993691233656,NA
"6925",1997-12-22,18.8213264693863,NA
"6926",1997-12-23,18.9573781775201,NA
"6927",1997-12-24,18.6508763065261,NA
"6928",1997-12-25,19.4494025058546,NA
"6929",1997-12-26,19.3868416983958,NA
"6930",1997-12-27,18.3717394424223,NA
"6931",1997-12-28,18.0626725171117,NA
"6932",1997-12-29,18.6806324750827,NA
"6933",1997-12-30,18.8665585861568,NA
"6934",1997-12-31,19.6478083556372,NA
"6935",1998-01-01,20.3622875541909,NA
"6936",1998-01-02,20.7521266497616,NA
"6937",1998-01-03,20.8006102435922,NA
"6938",1998-01-04,20.6369062067621,NA
"6939",1998-01-05,20.2187881400294,NA
"6940",1998-01-06,20.1196920559545,NA
"6941",1998-01-07,19.4654462664931,NA
"6942",1998-01-08,18.7035601023046,NA
"6943",1998-01-09,18.9872206335879,NA
"6944",1998-01-10,19.8202018975612,NA
"6945",1998-01-11,20.6285092530093,NA
"6946",1998-01-12,21.423986173815,NA
"6947",1998-01-13,21.9566710846292,NA
"6948",1998-01-14,22.32087917136,NA
"6949",1998-01-15,22.0750963069964,NA
"6950",1998-01-16,22.2638812146732,NA
"6951",1998-01-17,22.4717101884029,NA
"6952",1998-01-18,21.9554393273203,NA
"6953",1998-01-19,21.4065254985706,NA
"6954",1998-01-20,20.8297608043052,NA
"6955",1998-01-21,20.8346629209573,NA
"6956",1998-01-22,21.2601695581564,NA
"6957",1998-01-23,20.449551120156,NA
"6958",1998-01-24,19.6817968504893,NA
"6959",1998-01-25,19.4534031140093,NA
"6960",1998-01-26,19.2728954419443,NA
"6961",1998-01-27,19.5076995449098,NA
"6962",1998-01-28,18.6059547824927,NA
"6963",1998-01-29,17.9827870409366,NA
"6964",1998-01-30,18.2998503036773,NA
"6965",1998-01-31,18.660314903924,NA
"6966",1998-02-01,20.2211249214813,NA
"6967",1998-02-02,20.8243922516224,NA
"6968",1998-02-03,20.4416594155934,NA
"6969",1998-02-04,21.1474388652456,NA
"6970",1998-02-05,21.6580268275984,NA
"6971",1998-02-06,21.8791765942128,NA
"6972",1998-02-07,21.7139881430137,NA
"6973",1998-02-08,20.5866754092491,NA
"6974",1998-02-09,20.0366936687195,NA
"6975",1998-02-10,20.6127418045248,NA
"6976",1998-02-11,20.5445779838985,NA
"6977",1998-02-12,20.3210857987194,NA
"6978",1998-02-13,20.0483282134168,NA
"6979",1998-02-14,20.1803727892809,NA
"6980",1998-02-15,20.3054869566985,NA
"6981",1998-02-16,19.64072705482,NA
"6982",1998-02-17,18.8155102803785,NA
"6983",1998-02-18,18.6783139966588,NA
"6984",1998-02-19,18.8128797922551,NA
"6985",1998-02-20,18.3931903295046,NA
"6986",1998-02-21,18.0470364169364,NA
"6987",1998-02-22,18.0762825102516,NA
"6988",1998-02-23,18.78678129219,NA
"6989",1998-02-24,19.7054585333012,NA
"6990",1998-02-25,20.466570886581,NA
"6991",1998-02-26,20.9740014472207,NA
"6992",1998-02-27,20.9041331464313,NA
"6993",1998-02-28,20.6142541736541,NA
"6994",1998-03-01,20.6531915040632,NA
"6995",1998-03-02,21.1334213483369,NA
"6996",1998-03-03,21.1866047601833,NA
"6997",1998-03-04,20.2452170437936,NA
"6998",1998-03-05,18.8555709312265,NA
"6999",1998-03-06,18.8675608139846,NA
"7000",1998-03-07,18.6836079729446,NA
"7001",1998-03-08,18.5705991955436,NA
"7002",1998-03-09,18.2576582314944,NA
"7003",1998-03-10,18.1382058500958,NA
"7004",1998-03-11,19.197774705436,NA
"7005",1998-03-12,20.6474964318329,NA
"7006",1998-03-13,21.2292035532734,NA
"7007",1998-03-14,21.3285200395017,NA
"7008",1998-03-15,20.9890562435284,NA
"7009",1998-03-16,20.4799199176186,NA
"7010",1998-03-17,19.7553730446813,NA
"7011",1998-03-18,18.5699440495183,NA
"7012",1998-03-19,17.3295916605012,NA
"7013",1998-03-20,17.5934407207468,NA
"7014",1998-03-21,18.8006488291304,NA
"7015",1998-03-22,20.369593377601,NA
"7016",1998-03-23,20.49255476987,NA
"7017",1998-03-24,20.0756461695396,NA
"7018",1998-03-25,19.7580731855789,NA
"7019",1998-03-26,19.4815030617337,NA
"7020",1998-03-27,18.9246078742607,NA
"7021",1998-03-28,17.7032082748709,NA
"7022",1998-03-29,16.1603647504615,NA
"7023",1998-03-30,16.1470776065032,NA
"7024",1998-03-31,15.9788577434144,NA
"7025",1998-04-01,15.6768896292979,NA
"7026",1998-04-02,15.2381516699099,NA
"7027",1998-04-03,14.8594563820595,NA
"7028",1998-04-04,14.9890115760398,NA
"7029",1998-04-05,15.1548538105148,NA
"7030",1998-04-06,15.7259815852074,NA
"7031",1998-04-07,16.9240944821335,NA
"7032",1998-04-08,17.1139738449142,NA
"7033",1998-04-09,16.8141427224113,NA
"7034",1998-04-10,16.3311629428986,NA
"7035",1998-04-11,16.2990570593214,NA
"7036",1998-04-12,15.7642637486104,NA
"7037",1998-04-13,14.3049101580325,NA
"7038",1998-04-14,13.0473464617739,NA
"7039",1998-04-15,12.8209984429419,NA
"7040",1998-04-16,13.0880507128278,NA
"7041",1998-04-17,12.9862823861456,NA
"7042",1998-04-18,12.5232995466133,NA
"7043",1998-04-19,13.079280414621,NA
"7044",1998-04-20,14.2086980564766,NA
"7045",1998-04-21,14.3895710822992,NA
"7046",1998-04-22,14.1656840243727,NA
"7047",1998-04-23,13.9045551956243,NA
"7048",1998-04-24,14.3386834099473,NA
"7049",1998-04-25,14.1157271372785,NA
"7050",1998-04-26,13.3103778978464,NA
"7051",1998-04-27,12.3939554167264,NA
"7052",1998-04-28,11.9991300097683,NA
"7053",1998-04-29,12.147552070718,NA
"7054",1998-04-30,11.7245875819479,NA
"7055",1998-05-01,10.8409241235973,NA
"7056",1998-05-02,10.8140907392861,NA
"7057",1998-05-03,11.0298642842112,NA
"7058",1998-05-04,11.401954906795,NA
"7059",1998-05-05,11.8407205492013,NA
"7060",1998-05-06,11.9474866732024,NA
"7061",1998-05-07,11.6917581822059,NA
"7062",1998-05-08,11.490786527129,NA
"7063",1998-05-09,10.8443659491607,NA
"7064",1998-05-10,10.5044547861159,NA
"7065",1998-05-11,10.2393990659796,NA
"7066",1998-05-12,10.1877529050811,NA
"7067",1998-05-13,10.5497921303596,NA
"7068",1998-05-14,11.9536150289892,NA
"7069",1998-05-15,13.023731228008,NA
"7070",1998-05-16,14.0968061761497,NA
"7071",1998-05-17,14.5243386445766,NA
"7072",1998-05-18,14.6472029548831,NA
"7073",1998-05-19,14.9031458445132,NA
"7074",1998-05-20,14.2425110677616,NA
"7075",1998-05-21,12.8246363597997,NA
"7076",1998-05-22,12.0671378237735,NA
"7077",1998-05-23,11.5342660283252,NA
"7078",1998-05-24,11.1168648711751,NA
"7079",1998-05-25,10.5948256128823,NA
"7080",1998-05-26,9.82060599812744,NA
"7081",1998-05-27,9.97947964182478,NA
"7082",1998-05-28,10.8178695407526,NA
"7083",1998-05-29,11.3723380694464,NA
"7084",1998-05-30,11.5745481862328,NA
"7085",1998-05-31,11.7941822986297,NA
"7086",1998-06-01,12.2670371946989,NA
"7087",1998-06-02,12.0983631776329,NA
"7088",1998-06-03,12.186043972534,NA
"7089",1998-06-04,12.3798116362641,NA
"7090",1998-06-05,12.6315922663,NA
"7091",1998-06-06,12.368662838759,NA
"7092",1998-06-07,11.9179190018182,NA
"7093",1998-06-08,11.2045946687314,NA
"7094",1998-06-09,10.921019478198,NA
"7095",1998-06-10,10.4491116611744,NA
"7096",1998-06-11,9.95001409700481,NA
"7097",1998-06-12,9.08553174646546,NA
"7098",1998-06-13,9.04609398960344,NA
"7099",1998-06-14,9.26836251861419,NA
"7100",1998-06-15,9.41465640597264,NA
"7101",1998-06-16,9.31189486786407,NA
"7102",1998-06-17,8.53105374191434,NA
"7103",1998-06-18,7.82388796069419,NA
"7104",1998-06-19,7.49688026866472,NA
"7105",1998-06-20,7.78461726536977,NA
"7106",1998-06-21,7.48378453663432,NA
"7107",1998-06-22,7.38981913484497,NA
"7108",1998-06-23,7.54605270087635,NA
"7109",1998-06-24,8.15472307088866,NA
"7110",1998-06-25,8.42843553157561,NA
"7111",1998-06-26,8.1471988007939,NA
"7112",1998-06-27,7.3032812414076,NA
"7113",1998-06-28,7.11818487184088,NA
"7114",1998-06-29,6.97550760821773,NA
"7115",1998-06-30,6.90555008789549,NA
"7116",1998-07-01,7.00048623355617,NA
"7117",1998-07-02,7.19432666761297,NA
"7118",1998-07-03,7.42620594991081,NA
"7119",1998-07-04,8.03084850922234,NA
"7120",1998-07-05,8.74177528073952,NA
"7121",1998-07-06,9.05944309637095,NA
"7122",1998-07-07,9.32666847180043,NA
"7123",1998-07-08,9.10758549170402,NA
"7124",1998-07-09,8.46391189456852,NA
"7125",1998-07-10,8.37253140720248,NA
"7126",1998-07-11,7.77716699437292,NA
"7127",1998-07-12,6.83284832514118,NA
"7128",1998-07-13,6.1458898359478,NA
"7129",1998-07-14,5.47727409681696,NA
"7130",1998-07-15,5.35599467845859,NA
"7131",1998-07-16,5.77473621801756,NA
"7132",1998-07-17,5.95773850302125,NA
"7133",1998-07-18,5.89033979862714,NA
"7134",1998-07-19,6.31462045856731,NA
"7135",1998-07-20,6.78333384210618,NA
"7136",1998-07-21,7.47858318788749,NA
"7137",1998-07-22,7.74979325965978,NA
"7138",1998-07-23,7.69336273024315,NA
"7139",1998-07-24,7.65514148514161,NA
"7140",1998-07-25,8.35659074472159,NA
"7141",1998-07-26,8.64332619682281,NA
"7142",1998-07-27,8.85614216879745,NA
"7143",1998-07-28,8.42183569918977,NA
"7144",1998-07-29,8.12609289591388,NA
"7145",1998-07-30,7.92627436553716,NA
"7146",1998-07-31,8.22828388611288,NA
"7147",1998-08-01,8.01926365297429,NA
"7148",1998-08-02,7.79787747790656,NA
"7149",1998-08-03,8.09552508393558,NA
"7150",1998-08-04,8.63629365523199,NA
"7151",1998-08-05,8.97687961829061,NA
"7152",1998-08-06,9.36609759275407,NA
"7153",1998-08-07,9.58520549685268,NA
"7154",1998-08-08,9.62749216294865,NA
"7155",1998-08-09,9.56228891377456,NA
"7156",1998-08-10,9.72641972215072,NA
"7157",1998-08-11,9.98976223885587,NA
"7158",1998-08-12,10.371249643411,NA
"7159",1998-08-13,10.8225113305228,NA
"7160",1998-08-14,10.5221976347312,NA
"7161",1998-08-15,10.2667657145048,NA
"7162",1998-08-16,10.2807583796992,NA
"7163",1998-08-17,10.0165901035513,NA
"7164",1998-08-18,9.78166566579218,NA
"7165",1998-08-19,9.76324637105559,NA
"7166",1998-08-20,10.1235705626765,NA
"7167",1998-08-21,10.8264239269438,NA
"7168",1998-08-22,10.9625372417276,NA
"7169",1998-08-23,10.6460283704481,NA
"7170",1998-08-24,10.4072221413806,NA
"7171",1998-08-25,10.299333310362,NA
"7172",1998-08-26,10.280853115182,NA
"7173",1998-08-27,9.58001652327067,NA
"7174",1998-08-28,8.98502445987088,NA
"7175",1998-08-29,9.5665324156332,NA
"7176",1998-08-30,10.1248834382895,NA
"7177",1998-08-31,10.5858109615831,NA
"7178",1998-09-01,11.3105676833578,NA
"7179",1998-09-02,11.4079302664854,NA
"7180",1998-09-03,12.1589522246151,NA
"7181",1998-09-04,12.7011342255561,NA
"7182",1998-09-05,12.1032215262862,NA
"7183",1998-09-06,12.0404756073562,NA
"7184",1998-09-07,11.8462366098874,NA
"7185",1998-09-08,11.0005573441084,NA
"7186",1998-09-09,11.1624132092817,NA
"7187",1998-09-10,11.192553235603,NA
"7188",1998-09-11,11.5534161894291,NA
"7189",1998-09-12,12.3648948969603,NA
"7190",1998-09-13,12.7031369483023,NA
"7191",1998-09-14,12.5272395472007,NA
"7192",1998-09-15,12.2993650355094,NA
"7193",1998-09-16,12.0514910248349,NA
"7194",1998-09-17,11.8709972245638,NA
"7195",1998-09-18,11.9204374133614,NA
"7196",1998-09-19,11.4616173387278,NA
"7197",1998-09-20,11.2574410460147,NA
"7198",1998-09-21,12.046035999216,NA
"7199",1998-09-22,13.7750984308833,NA
"7200",1998-09-23,13.8696914103928,NA
"7201",1998-09-24,13.0049572977352,NA
"7202",1998-09-25,12.1674525254681,NA
"7203",1998-09-26,12.5658386499124,NA
"7204",1998-09-27,13.5826288724708,NA
"7205",1998-09-28,14.408129141307,NA
"7206",1998-09-29,14.1120831628871,NA
"7207",1998-09-30,15.1050213613461,NA
"7208",1998-10-01,17.117249764153,NA
"7209",1998-10-02,17.9930377935482,NA
"7210",1998-10-03,17.8481101332312,NA
"7211",1998-10-04,17.030854623723,NA
"7212",1998-10-05,16.2228664632391,NA
"7213",1998-10-06,15.2027548843051,NA
"7214",1998-10-07,13.7901990492732,NA
"7215",1998-10-08,11.9297655917861,NA
"7216",1998-10-09,10.7745104223099,NA
"7217",1998-10-10,10.5936018970481,NA
"7218",1998-10-11,10.5738845200027,NA
"7219",1998-10-12,10.3281835351341,NA
"7220",1998-10-13,10.529891479367,NA
"7221",1998-10-14,11.3451167951166,NA
"7222",1998-10-15,11.5958535016874,NA
"7223",1998-10-16,12.5754428354762,NA
"7224",1998-10-17,13.9214297658305,NA
"7225",1998-10-18,14.0098221787844,NA
"7226",1998-10-19,13.4430445131469,NA
"7227",1998-10-20,13.5733132725041,NA
"7228",1998-10-21,13.1167983526219,NA
"7229",1998-10-22,13.2997333603753,NA
"7230",1998-10-23,13.1547881970953,NA
"7231",1998-10-24,13.0152112727089,NA
"7232",1998-10-25,14.0809375019353,NA
"7233",1998-10-26,14.251179080182,NA
"7234",1998-10-27,13.6883294727863,NA
"7235",1998-10-28,13.5822449469634,NA
"7236",1998-10-29,13.8875155961668,NA
"7237",1998-10-30,13.8093384574063,NA
"7238",1998-10-31,12.4492902665609,NA
"7239",1998-11-01,11.1698738524337,NA
"7240",1998-11-02,12.0831795078928,NA
"7241",1998-11-03,13.8821339795391,NA
"7242",1998-11-04,15.38179471333,NA
"7243",1998-11-05,15.4833771795281,NA
"7244",1998-11-06,16.2728145865648,NA
"7245",1998-11-07,16.8547849372625,NA
"7246",1998-11-08,17.1406977465826,NA
"7247",1998-11-09,16.9693232141631,NA
"7248",1998-11-10,17.0258400763005,NA
"7249",1998-11-11,16.3116066479293,NA
"7250",1998-11-12,16.1380801174998,NA
"7251",1998-11-13,15.0099201204984,NA
"7252",1998-11-14,15.7344439788305,NA
"7253",1998-11-15,16.1287481582439,NA
"7254",1998-11-16,15.9306864353718,NA
"7255",1998-11-17,14.7880677903087,NA
"7256",1998-11-18,14.2818791080302,NA
"7257",1998-11-19,14.358944057528,NA
"7258",1998-11-20,15.1171486760418,NA
"7259",1998-11-21,14.4578953357619,NA
"7260",1998-11-22,13.9294764917064,NA
"7261",1998-11-23,14.2223286268568,NA
"7262",1998-11-24,14.967104083626,NA
"7263",1998-11-25,15.9894636792864,NA
"7264",1998-11-26,17.0882595247248,NA
"7265",1998-11-27,16.4020446977941,NA
"7266",1998-11-28,16.0138053674443,NA
"7267",1998-11-29,16.1992956405173,NA
"7268",1998-11-30,16.0338623643971,NA
"7269",1998-12-01,16.3806509872552,NA
"7270",1998-12-02,16.9739347853694,NA
"7271",1998-12-03,16.2625552530669,NA
"7272",1998-12-04,16.2134676736887,NA
"7273",1998-12-05,16.4995257654384,NA
"7274",1998-12-06,16.9851342428337,NA
"7275",1998-12-07,17.0759884303206,NA
"7276",1998-12-08,16.832131576476,NA
"7277",1998-12-09,16.4322145884865,NA
"7278",1998-12-10,17.7524980900069,NA
"7279",1998-12-11,19.916935419391,NA
"7280",1998-12-12,21.0041469827009,NA
"7281",1998-12-13,20.7382361809516,NA
"7282",1998-12-14,20.9804657524187,NA
"7283",1998-12-15,20.9734360017522,NA
"7284",1998-12-16,20.6772040028477,NA
"7285",1998-12-17,19.5795675451562,NA
"7286",1998-12-18,17.9779114267927,NA
"7287",1998-12-19,17.8793549613936,NA
"7288",1998-12-20,17.8203829854976,NA
"7289",1998-12-21,17.648830641486,NA
"7290",1998-12-22,17.793513965934,NA
"7291",1998-12-23,18.7485291539474,NA
"7292",1998-12-24,19.9740031247685,NA
"7293",1998-12-25,20.8951081341388,NA
"7294",1998-12-26,19.6817416457713,NA
"7295",1998-12-27,19.6151466903664,NA
"7296",1998-12-28,19.5541491914369,NA
"7297",1998-12-29,19.479768250815,NA
"7298",1998-12-30,18.8111109965367,NA
"7299",1998-12-31,17.9370306348954,NA
"7300",1999-01-01,17.6159625572731,NA
"7301",1999-01-02,19.4230825446115,NA
"7302",1999-01-03,20.5104153033649,NA
"7303",1999-01-04,21.6847687562868,NA
"7304",1999-01-05,22.4104075817279,NA
"7305",1999-01-06,22.6499007345829,NA
"7306",1999-01-07,22.4722450433108,NA
"7307",1999-01-08,22.1606583406462,NA
"7308",1999-01-09,21.7937757302479,NA
"7309",1999-01-10,22.1031388971497,NA
"7310",1999-01-11,21.2852070493888,NA
"7311",1999-01-12,20.3171510090224,NA
"7312",1999-01-13,19.6548830959798,NA
"7313",1999-01-14,20.159088738113,NA
"7314",1999-01-15,20.9297004657512,NA
"7315",1999-01-16,21.1107108499479,NA
"7316",1999-01-17,20.8806129504718,NA
"7317",1999-01-18,21.3534298302363,NA
"7318",1999-01-19,21.1822114746308,NA
"7319",1999-01-20,21.0823030651106,NA
"7320",1999-01-21,21.1483771210194,NA
"7321",1999-01-22,20.6329074459362,NA
"7322",1999-01-23,20.4471344077155,NA
"7323",1999-01-24,20.1569139316034,NA
"7324",1999-01-25,20.3485074730303,NA
"7325",1999-01-26,20.6729723558198,NA
"7326",1999-01-27,21.3669527856427,NA
"7327",1999-01-28,21.4599815978883,NA
"7328",1999-01-29,21.3442220999228,NA
"7329",1999-01-30,20.9013877771141,NA
"7330",1999-01-31,21.0316749390083,NA
"7331",1999-02-01,21.0072997703914,NA
"7332",1999-02-02,21.602011256108,NA
"7333",1999-02-03,21.8940650650725,NA
"7334",1999-02-04,22.1870904822334,NA
"7335",1999-02-05,22.644954854226,NA
"7336",1999-02-06,22.6692916611406,NA
"7337",1999-02-07,22.1062692812738,NA
"7338",1999-02-08,21.509378485045,NA
"7339",1999-02-09,21.3284043485631,NA
"7340",1999-02-10,21.0727637997726,NA
"7341",1999-02-11,20.8506499476601,NA
"7342",1999-02-12,20.2917636444777,NA
"7343",1999-02-13,20.7422463723364,NA
"7344",1999-02-14,21.7553382096856,NA
"7345",1999-02-15,21.9447121246531,NA
"7346",1999-02-16,21.5420755452478,NA
"7347",1999-02-17,20.7872700336927,NA
"7348",1999-02-18,19.6041397234174,NA
"7349",1999-02-19,18.847197659674,NA
"7350",1999-02-20,18.535735518699,NA
"7351",1999-02-21,17.9582063806066,NA
"7352",1999-02-22,18.5192468370224,NA
"7353",1999-02-23,18.4608659952414,NA
"7354",1999-02-24,18.9244705564741,NA
"7355",1999-02-25,19.4964212697828,NA
"7356",1999-02-26,19.8725353959558,NA
"7357",1999-02-27,20.1785932540188,NA
"7358",1999-02-28,20.3272426799444,NA
"7359",1999-03-01,20.3492125142261,NA
"7360",1999-03-02,20.56516284765,NA
"7361",1999-03-03,20.775110922681,NA
"7362",1999-03-04,20.7863236869754,NA
"7363",1999-03-05,20.8183665836005,NA
"7364",1999-03-06,20.5388812735225,NA
"7365",1999-03-07,19.7331802338199,NA
"7366",1999-03-08,19.4102693695393,NA
"7367",1999-03-09,19.6845987507143,NA
"7368",1999-03-10,19.178230342983,NA
"7369",1999-03-11,19.3679905127743,NA
"7370",1999-03-12,19.5333447645874,NA
"7371",1999-03-13,19.1003276851905,NA
"7372",1999-03-14,19.337552906638,NA
"7373",1999-03-15,18.6041635931427,NA
"7374",1999-03-16,17.5967425861229,NA
"7375",1999-03-17,17.6656239090729,NA
"7376",1999-03-18,17.1903768362895,NA
"7377",1999-03-19,16.9566751656228,NA
"7378",1999-03-20,17.5882872843391,NA
"7379",1999-03-21,17.6460516320208,NA
"7380",1999-03-22,17.3440550605685,NA
"7381",1999-03-23,17.4660080425154,NA
"7382",1999-03-24,17.9768570548677,NA
"7383",1999-03-25,18.7826790791402,NA
"7384",1999-03-26,18.8927729619499,NA
"7385",1999-03-27,18.0532499688877,NA
"7386",1999-03-28,17.1931333295481,NA
"7387",1999-03-29,17.1142857973226,NA
"7388",1999-03-30,16.8089610582762,NA
"7389",1999-03-31,15.3702337716703,NA
"7390",1999-04-01,13.780007428376,NA
"7391",1999-04-02,12.8967860599789,NA
"7392",1999-04-03,13.4385318757032,NA
"7393",1999-04-04,14.62379378244,NA
"7394",1999-04-05,15.2662307094423,NA
"7395",1999-04-06,15.064004394913,NA
"7396",1999-04-07,15.2031899913275,NA
"7397",1999-04-08,15.2866804978805,NA
"7398",1999-04-09,15.5989110181628,NA
"7399",1999-04-10,15.6204459695412,NA
"7400",1999-04-11,15.4356257992754,NA
"7401",1999-04-12,15.4527684618742,NA
"7402",1999-04-13,15.9630358385357,NA
"7403",1999-04-14,16.0551672273506,NA
"7404",1999-04-15,16.0398962943388,NA
"7405",1999-04-16,15.6171009701949,NA
"7406",1999-04-17,14.9705227222881,NA
"7407",1999-04-18,14.3883157785727,NA
"7408",1999-04-19,14.3644621897775,NA
"7409",1999-04-20,13.5612052983601,NA
"7410",1999-04-21,12.8988855712792,NA
"7411",1999-04-22,12.2916399513763,NA
"7412",1999-04-23,11.5727627986817,NA
"7413",1999-04-24,11.1031481867673,NA
"7414",1999-04-25,10.7188945857597,NA
"7415",1999-04-26,9.56062688171832,NA
"7416",1999-04-27,9.25936441621389,NA
"7417",1999-04-28,9.44926585591357,NA
"7418",1999-04-29,9.72553044517519,NA
"7419",1999-04-30,10.1135213001986,NA
"7420",1999-05-01,10.113245539914,NA
"7421",1999-05-02,10.2142476514916,NA
"7422",1999-05-03,10.8629718460226,NA
"7423",1999-05-04,11.8094982742126,NA
"7424",1999-05-05,12.4276776344243,NA
"7425",1999-05-06,13.0068860740645,NA
"7426",1999-05-07,13.7732646873838,NA
"7427",1999-05-08,13.8808235937035,NA
"7428",1999-05-09,13.6513093392988,NA
"7429",1999-05-10,13.1686600325846,NA
"7430",1999-05-11,12.9246894652789,NA
"7431",1999-05-12,12.9183899101262,NA
"7432",1999-05-13,12.4105213920003,NA
"7433",1999-05-14,11.8647483466219,NA
"7434",1999-05-15,10.9642235579,NA
"7435",1999-05-16,10.5541322519362,NA
"7436",1999-05-17,10.3636067013708,NA
"7437",1999-05-18,10.2376594154231,NA
"7438",1999-05-19,10.2154344243805,NA
"7439",1999-05-20,11.0521999564565,NA
"7440",1999-05-21,11.2304715320777,NA
"7441",1999-05-22,13.0098307466831,NA
"7442",1999-05-23,14.2679345166057,NA
"7443",1999-05-24,14.777355235426,NA
"7444",1999-05-25,14.7065588350216,NA
"7445",1999-05-26,13.9783454183554,NA
"7446",1999-05-27,12.833310389008,NA
"7447",1999-05-28,12.347718589457,NA
"7448",1999-05-29,11.5693745616449,NA
"7449",1999-05-30,11.2828534211707,NA
"7450",1999-05-31,11.2205176220106,NA
"7451",1999-06-01,11.0821460109163,NA
"7452",1999-06-02,11.266430554152,NA
"7453",1999-06-03,11.3276637600491,NA
"7454",1999-06-04,11.6218741666205,NA
"7455",1999-06-05,11.9769195409298,NA
"7456",1999-06-06,11.6151013271766,NA
"7457",1999-06-07,11.4529203272132,NA
"7458",1999-06-08,11.1885017273248,NA
"7459",1999-06-09,11.297018877419,NA
"7460",1999-06-10,11.2384598967812,NA
"7461",1999-06-11,10.1714948714451,NA
"7462",1999-06-12,9.16823631426079,NA
"7463",1999-06-13,8.46254504576159,NA
"7464",1999-06-14,7.89268643371944,NA
"7465",1999-06-15,7.63616349388839,NA
"7466",1999-06-16,7.30783455209395,NA
"7467",1999-06-17,7.49882754778339,NA
"7468",1999-06-18,8.2745318197165,NA
"7469",1999-06-19,8.68759072407663,NA
"7470",1999-06-20,9.1448787532828,NA
"7471",1999-06-21,9.6984505961556,NA
"7472",1999-06-22,9.90215815559047,NA
"7473",1999-06-23,9.77750429443654,NA
"7474",1999-06-24,9.25006949541958,NA
"7475",1999-06-25,8.83875582137378,NA
"7476",1999-06-26,8.5889442901906,NA
"7477",1999-06-27,8.35787576342073,NA
"7478",1999-06-28,8.12805685749735,NA
"7479",1999-06-29,8.50144774954648,NA
"7480",1999-06-30,8.57094626353969,NA
"7481",1999-07-01,8.91034774040839,NA
"7482",1999-07-02,8.95591426347626,NA
"7483",1999-07-03,9.15062939842106,NA
"7484",1999-07-04,9.02739583776871,NA
"7485",1999-07-05,8.87880810182853,NA
"7486",1999-07-06,8.46698060882423,NA
"7487",1999-07-07,8.55506339902877,NA
"7488",1999-07-08,8.57460247769715,NA
"7489",1999-07-09,8.68404445635687,NA
"7490",1999-07-10,9.09366852387244,NA
"7491",1999-07-11,9.66506456736253,NA
"7492",1999-07-12,10.1684700993612,NA
"7493",1999-07-13,10.3861521233178,NA
"7494",1999-07-14,10.4872322483296,NA
"7495",1999-07-15,10.8019518254116,NA
"7496",1999-07-16,11.1070603654625,NA
"7497",1999-07-17,11.1092749873601,NA
"7498",1999-07-18,10.9564220126584,NA
"7499",1999-07-19,10.5271066916028,NA
"7500",1999-07-20,10.302212781522,NA
"7501",1999-07-21,10.4202887284095,NA
"7502",1999-07-22,10.0967186247383,NA
"7503",1999-07-23,9.65056165335506,NA
"7504",1999-07-24,9.14795311307902,NA
"7505",1999-07-25,8.60821551550245,NA
"7506",1999-07-26,8.52074644203603,NA
"7507",1999-07-27,8.40866942705397,NA
"7508",1999-07-28,8.01319665105965,NA
"7509",1999-07-29,8.05618018622956,NA
"7510",1999-07-30,7.91046111767283,NA
"7511",1999-07-31,7.72994825118369,NA
"7512",1999-08-01,7.78949035965907,NA
"7513",1999-08-02,7.69914406368849,NA
"7514",1999-08-03,7.80001841048964,NA
"7515",1999-08-04,8.05124191285835,NA
"7516",1999-08-05,8.0583245380688,NA
"7517",1999-08-06,8.2775916672371,NA
"7518",1999-08-07,8.96150574594192,NA
"7519",1999-08-08,9.200404164974,NA
"7520",1999-08-09,9.66920272001935,NA
"7521",1999-08-10,9.64984066574446,NA
"7522",1999-08-11,9.83656408130347,NA
"7523",1999-08-12,9.52131008250781,NA
"7524",1999-08-13,9.37038153656282,NA
"7525",1999-08-14,8.74989098024266,NA
"7526",1999-08-15,8.79663112383057,NA
"7527",1999-08-16,8.46369331311829,NA
"7528",1999-08-17,8.43776138950256,NA
"7529",1999-08-18,8.49431307628882,NA
"7530",1999-08-19,8.72911738223883,NA
"7531",1999-08-20,8.86838361504569,NA
"7532",1999-08-21,9.09002849897836,NA
"7533",1999-08-22,9.16425924156853,NA
"7534",1999-08-23,9.8261678648557,NA
"7535",1999-08-24,10.7198939396188,NA
"7536",1999-08-25,11.391561421188,NA
"7537",1999-08-26,11.771093163211,NA
"7538",1999-08-27,12.0408630167074,NA
"7539",1999-08-28,12.3801702238569,NA
"7540",1999-08-29,13.2474472287367,NA
"7541",1999-08-30,13.8377315569552,NA
"7542",1999-08-31,14.225160537458,NA
"7543",1999-09-01,13.7254822221558,NA
"7544",1999-09-02,14.2652051100772,NA
"7545",1999-09-03,15.3293451505146,NA
"7546",1999-09-04,15.1680145573662,NA
"7547",1999-09-05,14.3332900407418,NA
"7548",1999-09-06,13.0398135275432,NA
"7549",1999-09-07,11.7668459905075,NA
"7550",1999-09-08,11.5563940512767,NA
"7551",1999-09-09,10.7676123377701,NA
"7552",1999-09-10,9.20180112642625,NA
"7553",1999-09-11,8.83213986757711,NA
"7554",1999-09-12,8.89486681835607,NA
"7555",1999-09-13,9.78147387862265,NA
"7556",1999-09-14,10.8227749423557,NA
"7557",1999-09-15,11.9938953207134,NA
"7558",1999-09-16,12.1803054723318,NA
"7559",1999-09-17,12.0966699609767,NA
"7560",1999-09-18,12.2450965027875,NA
"7561",1999-09-19,12.2192105783759,NA
"7562",1999-09-20,11.8567297519258,NA
"7563",1999-09-21,11.7468144743537,NA
"7564",1999-09-22,11.1240151192677,NA
"7565",1999-09-23,11.5106204327167,NA
"7566",1999-09-24,12.7540541890015,NA
"7567",1999-09-25,13.1822517333664,NA
"7568",1999-09-26,13.76666317766,NA
"7569",1999-09-27,14.7977217695942,NA
"7570",1999-09-28,15.4970079068382,NA
"7571",1999-09-29,15.393067059542,NA
"7572",1999-09-30,15.0091113221963,NA
"7573",1999-10-01,14.4687441963253,NA
"7574",1999-10-02,14.835508061706,NA
"7575",1999-10-03,14.8809914970958,NA
"7576",1999-10-04,14.2114680699307,NA
"7577",1999-10-05,13.0521093603458,NA
"7578",1999-10-06,13.2839056281128,NA
"7579",1999-10-07,14.0774423259272,NA
"7580",1999-10-08,15.2495933382823,NA
"7581",1999-10-09,16.0619512417314,NA
"7582",1999-10-10,16.3034049151491,NA
"7583",1999-10-11,16.3634090865453,NA
"7584",1999-10-12,16.8275031320953,NA
"7585",1999-10-13,16.980764072167,NA
"7586",1999-10-14,17.3009376728693,NA
"7587",1999-10-15,16.5058185045996,NA
"7588",1999-10-16,15.5304567637871,NA
"7589",1999-10-17,15.7180150745265,NA
"7590",1999-10-18,15.309227091351,NA
"7591",1999-10-19,14.6883962406435,NA
"7592",1999-10-20,14.0901937847602,NA
"7593",1999-10-21,13.1859710865936,NA
"7594",1999-10-22,12.4640817935837,NA
"7595",1999-10-23,12.1779058641948,NA
"7596",1999-10-24,11.4819288341062,NA
"7597",1999-10-25,12.1955095840343,NA
"7598",1999-10-26,12.4815508456709,NA
"7599",1999-10-27,12.6990832258497,NA
"7600",1999-10-28,13.0042789717199,NA
"7601",1999-10-29,14.2652628164156,NA
"7602",1999-10-30,14.7378153520167,NA
"7603",1999-10-31,14.5877577537439,NA
"7604",1999-11-01,13.9310478900052,NA
"7605",1999-11-02,14.1574151049155,NA
"7606",1999-11-03,14.5583452931833,NA
"7607",1999-11-04,15.0197447818853,NA
"7608",1999-11-05,15.0038035167118,NA
"7609",1999-11-06,14.8337521532106,NA
"7610",1999-11-07,14.8846505182072,NA
"7611",1999-11-08,14.7213971619212,NA
"7612",1999-11-09,14.4919579635633,NA
"7613",1999-11-10,13.9762274243192,NA
"7614",1999-11-11,13.0758555876799,NA
"7615",1999-11-12,13.0636289603582,NA
"7616",1999-11-13,13.4114991882435,NA
"7617",1999-11-14,13.6679193875961,NA
"7618",1999-11-15,13.8095005865513,NA
"7619",1999-11-16,13.5108264026079,NA
"7620",1999-11-17,13.336247195023,NA
"7621",1999-11-18,13.7029157079118,NA
"7622",1999-11-19,13.8378659994153,NA
"7623",1999-11-20,14.5031932826498,NA
"7624",1999-11-21,14.699107658283,NA
"7625",1999-11-22,14.9844683363808,NA
"7626",1999-11-23,15.2840196848928,NA
"7627",1999-11-24,15.8231011630743,NA
"7628",1999-11-25,16.3585516345474,NA
"7629",1999-11-26,15.7486822422636,NA
"7630",1999-11-27,15.5412018027367,NA
"7631",1999-11-28,16.3778316571667,NA
"7632",1999-11-29,17.6600306052133,NA
"7633",1999-11-30,19.0425008563278,NA
"7634",1999-12-01,20.210808820763,NA
"7635",1999-12-02,21.0890571692068,NA
"7636",1999-12-03,21.329204889007,NA
"7637",1999-12-04,21.1342495907847,NA
"7638",1999-12-05,20.6820209065998,NA
"7639",1999-12-06,20.3781390605057,NA
"7640",1999-12-07,20.5134308263627,NA
"7641",1999-12-08,20.281284456283,NA
"7642",1999-12-09,18.8632463068386,NA
"7643",1999-12-10,18.5854691805495,NA
"7644",1999-12-11,18.1353460381148,NA
"7645",1999-12-12,18.0136337054501,NA
"7646",1999-12-13,17.6125028258811,NA
"7647",1999-12-14,17.2633703514573,NA
"7648",1999-12-15,17.6661570375892,NA
"7649",1999-12-16,17.8618160998998,NA
"7650",1999-12-17,17.77525433016,NA
"7651",1999-12-18,18.1210717005559,NA
"7652",1999-12-19,17.8268416206841,NA
"7653",1999-12-20,17.6770648080907,NA
"7654",1999-12-21,17.0677595147212,NA
"7655",1999-12-22,16.1994410095508,NA
"7656",1999-12-23,16.3215214211602,NA
"7657",1999-12-24,17.4350274485937,NA
"7658",1999-12-25,18.3311926016692,NA
"7659",1999-12-26,19.1297704529349,NA
"7660",1999-12-27,19.5028326189136,NA
"7661",1999-12-28,19.2171811794751,NA
"7662",1999-12-29,18.5638014266709,NA
"7663",1999-12-30,18.19766090734,NA
"7664",1999-12-31,17.0823943083608,NA
"7665",2000-01-01,16.1213968524234,NA
"7666",2000-01-02,16.3177570536075,NA
"7667",2000-01-03,16.4861969002117,NA
"7668",2000-01-04,16.2580243403674,NA
"7669",2000-01-05,16.1998502597002,NA
"7670",2000-01-06,16.3391538675754,NA
"7671",2000-01-07,16.8030741206232,NA
"7672",2000-01-08,17.6562742445231,NA
"7673",2000-01-09,18.0674858385001,NA
"7674",2000-01-10,18.5516513241121,NA
"7675",2000-01-11,19.652941450719,NA
"7676",2000-01-12,20.6059091667441,NA
"7677",2000-01-13,21.4200099663231,NA
"7678",2000-01-14,22.0442923355501,NA
"7679",2000-01-15,22.1925457088735,NA
"7680",2000-01-16,21.8339324989644,NA
"7681",2000-01-17,21.8286124712063,NA
"7682",2000-01-18,22.0031513119193,NA
"7683",2000-01-19,21.8245599351305,NA
"7684",2000-01-20,21.4447376835914,NA
"7685",2000-01-21,20.5401948315059,NA
"7686",2000-01-22,19.4360476142929,NA
"7687",2000-01-23,18.8335152623651,NA
"7688",2000-01-24,18.1040035796014,NA
"7689",2000-01-25,17.1871861445975,NA
"7690",2000-01-26,16.5959824011306,NA
"7691",2000-01-27,16.0717625091384,NA
"7692",2000-01-28,16.1310102814921,NA
"7693",2000-01-29,16.6033171842809,NA
"7694",2000-01-30,17.0630583326815,NA
"7695",2000-01-31,17.1292009213279,NA
"7696",2000-02-01,18.0154120472059,NA
"7697",2000-02-02,19.4574236320988,NA
"7698",2000-02-03,20.6249462221287,NA
"7699",2000-02-04,21.9706339243209,NA
"7700",2000-02-05,22.1309738538086,NA
"7701",2000-02-06,22.1742648293779,NA
"7702",2000-02-07,22.4727847937851,NA
"7703",2000-02-08,22.4602511692159,NA
"7704",2000-02-09,22.4695570577142,NA
"7705",2000-02-10,22.3646253869838,NA
"7706",2000-02-11,21.1449504576806,NA
"7707",2000-02-12,20.7693905574739,NA
"7708",2000-02-13,20.9337590243715,NA
"7709",2000-02-14,20.6678382783613,NA
"7710",2000-02-15,20.3311848065746,NA
"7711",2000-02-16,19.8603895896565,NA
"7712",2000-02-17,20.0139650776983,NA
"7713",2000-02-18,21.2325709008775,NA
"7714",2000-02-19,22.2040069371974,NA
"7715",2000-02-20,22.4342023136456,NA
"7716",2000-02-21,22.6381650726838,NA
"7717",2000-02-22,22.4917881413828,NA
"7718",2000-02-23,22.2663034872726,NA
"7719",2000-02-24,22.1677086072259,NA
"7720",2000-02-25,22.0432465493125,NA
"7721",2000-02-26,21.2566638838733,NA
"7722",2000-02-27,20.7025095232821,NA
"7723",2000-02-28,20.3631763777575,NA
"7724",2000-02-29,20.7068701413433,NA
"7725",2000-03-01,21.1732949605553,NA
"7726",2000-03-02,21.4337821125408,NA
"7727",2000-03-03,20.9658615712685,NA
"7728",2000-03-04,20.778329525057,NA
"7729",2000-03-05,20.8395512017171,NA
"7730",2000-03-06,20.4559017522118,NA
"7731",2000-03-07,20.0604811216382,NA
"7732",2000-03-08,19.3330122333781,NA
"7733",2000-03-09,18.4383159859339,NA
"7734",2000-03-10,18.7422000607256,NA
"7735",2000-03-11,19.5559539784335,NA
"7736",2000-03-12,20.3290508602888,NA
"7737",2000-03-13,20.9379818682843,NA
"7738",2000-03-14,20.7087628597695,NA
"7739",2000-03-15,20.5571982265538,NA
"7740",2000-03-16,20.4552243674913,NA
"7741",2000-03-17,21.006998730731,NA
"7742",2000-03-18,20.8238497548598,NA
"7743",2000-03-19,20.2616981017357,NA
"7744",2000-03-20,19.350324001306,NA
"7745",2000-03-21,19.7089438138047,NA
"7746",2000-03-22,19.8193780894463,NA
"7747",2000-03-23,19.0467728024494,NA
"7748",2000-03-24,17.259009654611,NA
"7749",2000-03-25,16.864495115557,NA
"7750",2000-03-26,17.0405795269462,NA
"7751",2000-03-27,17.6921813315293,NA
"7752",2000-03-28,17.1708109659761,NA
"7753",2000-03-29,16.822222648519,NA
"7754",2000-03-30,17.3849230014951,NA
"7755",2000-03-31,17.8188295274183,NA
"7756",2000-04-01,17.0379177055661,NA
"7757",2000-04-02,16.7183091362061,NA
"7758",2000-04-03,16.3688880644455,NA
"7759",2000-04-04,16.6168853468113,NA
"7760",2000-04-05,16.234964439477,NA
"7761",2000-04-06,15.7519185679888,NA
"7762",2000-04-07,15.2124400680957,NA
"7763",2000-04-08,15.9300546704791,NA
"7764",2000-04-09,15.9445442772067,NA
"7765",2000-04-10,16.1268085556572,NA
"7766",2000-04-11,16.2540724239163,NA
"7767",2000-04-12,17.080908463372,NA
"7768",2000-04-13,17.6656162416956,NA
"7769",2000-04-14,17.9085351750726,NA
"7770",2000-04-15,17.8405471015928,NA
"7771",2000-04-16,17.3678015663552,NA
"7772",2000-04-17,16.5942888727812,NA
"7773",2000-04-18,15.9870128472026,NA
"7774",2000-04-19,15.184429127395,NA
"7775",2000-04-20,14.4793603368577,NA
"7776",2000-04-21,13.7198514241951,NA
"7777",2000-04-22,12.8318319511656,NA
"7778",2000-04-23,12.5384680087864,NA
"7779",2000-04-24,12.2762661509522,NA
"7780",2000-04-25,12.0154818024976,NA
"7781",2000-04-26,12.1302118819365,NA
"7782",2000-04-27,12.5343241788038,NA
"7783",2000-04-28,13.4838506470491,NA
"7784",2000-04-29,14.8680945603611,NA
"7785",2000-04-30,14.6357695457751,NA
"7786",2000-05-01,14.7338935307867,NA
"7787",2000-05-02,14.9428151900367,NA
"7788",2000-05-03,15.2097439408185,NA
"7789",2000-05-04,14.8932542637356,NA
"7790",2000-05-05,14.3287185526151,NA
"7791",2000-05-06,13.1030529666357,NA
"7792",2000-05-07,13.302524799986,NA
"7793",2000-05-08,13.5428972441113,NA
"7794",2000-05-09,13.4318784043833,NA
"7795",2000-05-10,12.8500554835847,NA
"7796",2000-05-11,12.711854338457,NA
"7797",2000-05-12,12.9406148514957,NA
"7798",2000-05-13,13.065879643367,NA
"7799",2000-05-14,12.8056697677736,NA
"7800",2000-05-15,12.4816676491827,NA
"7801",2000-05-16,12.3040137076904,NA
"7802",2000-05-17,11.4968405854722,NA
"7803",2000-05-18,10.7759185280093,NA
"7804",2000-05-19,10.3394426664961,NA
"7805",2000-05-20,9.87648645664941,NA
"7806",2000-05-21,9.47735004490747,NA
"7807",2000-05-22,9.21235381613484,NA
"7808",2000-05-23,8.6837187482709,NA
"7809",2000-05-24,9.14123811519378,NA
"7810",2000-05-25,9.54486066807678,NA
"7811",2000-05-26,8.83598753366248,NA
"7812",2000-05-27,8.01725524671737,NA
"7813",2000-05-28,7.62154063833971,NA
"7814",2000-05-29,7.19635873693915,NA
"7815",2000-05-30,7.15544181165462,NA
"7816",2000-05-31,7.04430938244211,NA
"7817",2000-06-01,6.90265166291859,NA
"7818",2000-06-02,7.16190515610453,NA
"7819",2000-06-03,8.03766965617379,NA
"7820",2000-06-04,8.22804769136319,NA
"7821",2000-06-05,8.42868240015322,NA
"7822",2000-06-06,8.65788134970558,NA
"7823",2000-06-07,8.82502231795273,NA
"7824",2000-06-08,8.97716278083116,NA
"7825",2000-06-09,9.02736723615055,NA
"7826",2000-06-10,8.98625883726131,NA
"7827",2000-06-11,9.20055575782668,NA
"7828",2000-06-12,9.09229919191093,NA
"7829",2000-06-13,8.54217796167157,NA
"7830",2000-06-14,8.05600855092774,NA
"7831",2000-06-15,7.89632569480993,NA
"7832",2000-06-16,7.67986115831559,NA
"7833",2000-06-17,7.42993026362332,NA
"7834",2000-06-18,7.35982349633481,NA
"7835",2000-06-19,7.57356653754427,NA
"7836",2000-06-20,8.25812002541938,NA
"7837",2000-06-21,8.57592552080923,NA
"7838",2000-06-22,8.42469426415958,NA
"7839",2000-06-23,8.75913347007151,NA
"7840",2000-06-24,8.9446682117779,NA
"7841",2000-06-25,9.11330813197027,NA
"7842",2000-06-26,9.20085580768749,NA
"7843",2000-06-27,9.10035185976492,NA
"7844",2000-06-28,8.59634546746255,NA
"7845",2000-06-29,8.62591862984593,NA
"7846",2000-06-30,8.47396467365762,NA
"7847",2000-07-01,8.49559505372835,NA
"7848",2000-07-02,8.27676402971914,NA
"7849",2000-07-03,8.26305374372815,NA
"7850",2000-07-04,8.2388445489897,NA
"7851",2000-07-05,8.90347915783897,NA
"7852",2000-07-06,8.96411351570712,NA
"7853",2000-07-07,8.92359566086311,NA
"7854",2000-07-08,8.73176905399344,NA
"7855",2000-07-09,8.74643862708275,NA
"7856",2000-07-10,8.52136701014851,NA
"7857",2000-07-11,8.15182205463456,NA
"7858",2000-07-12,7.77513833362343,NA
"7859",2000-07-13,7.37986911058576,NA
"7860",2000-07-14,7.32946835407293,NA
"7861",2000-07-15,7.55899430550071,NA
"7862",2000-07-16,7.71369072364404,NA
"7863",2000-07-17,7.86443806367088,NA
"7864",2000-07-18,8.29652871939206,NA
"7865",2000-07-19,8.07266721581814,NA
"7866",2000-07-20,8.44329978546595,NA
"7867",2000-07-21,8.42293562749383,NA
"7868",2000-07-22,8.33202571906712,NA
"7869",2000-07-23,9.08881420931326,NA
"7870",2000-07-24,9.13210129162925,NA
"7871",2000-07-25,8.76156478610045,NA
"7872",2000-07-26,8.55706510725575,NA
"7873",2000-07-27,8.30274479907442,NA
"7874",2000-07-28,8.20341669761491,NA
"7875",2000-07-29,7.97664424800553,NA
"7876",2000-07-30,7.16742279906016,NA
"7877",2000-07-31,6.90323325433481,NA
"7878",2000-08-01,6.70846273133225,NA
"7879",2000-08-02,7.29958859448512,NA
"7880",2000-08-03,7.87704101543767,NA
"7881",2000-08-04,8.33595993779822,NA
"7882",2000-08-05,8.7963458001863,NA
"7883",2000-08-06,9.25446103827825,NA
"7884",2000-08-07,10.0441465855139,NA
"7885",2000-08-08,10.7810305213897,NA
"7886",2000-08-09,10.5407387949846,NA
"7887",2000-08-10,10.0176364583975,NA
"7888",2000-08-11,9.72602008203858,NA
"7889",2000-08-12,9.40213674651806,NA
"7890",2000-08-13,9.12715733420229,NA
"7891",2000-08-14,8.79119284870698,NA
"7892",2000-08-15,7.96643690848712,NA
"7893",2000-08-16,7.72244855372564,NA
"7894",2000-08-17,7.6663593426959,NA
"7895",2000-08-18,7.64764314562831,NA
"7896",2000-08-19,7.70539312631353,NA
"7897",2000-08-20,7.68722223812133,NA
"7898",2000-08-21,7.68321425206005,NA
"7899",2000-08-22,7.96385199851067,NA
"7900",2000-08-23,8.20100431356123,NA
"7901",2000-08-24,8.46782884754191,NA
"7902",2000-08-25,8.45186437955096,NA
"7903",2000-08-26,8.4812419048158,NA
"7904",2000-08-27,8.46747835158456,NA
"7905",2000-08-28,8.28990968039554,NA
"7906",2000-08-29,8.290934409739,NA
"7907",2000-08-30,8.36892699429697,NA
"7908",2000-08-31,8.31057165909196,NA
"7909",2000-09-01,8.64193880472758,NA
"7910",2000-09-02,8.91730086072345,NA
"7911",2000-09-03,8.94766062157403,NA
"7912",2000-09-04,9.38101092428099,NA
"7913",2000-09-05,9.38350842437047,NA
"7914",2000-09-06,9.46104838655853,NA
"7915",2000-09-07,9.58820486165692,NA
"7916",2000-09-08,9.63902028655924,NA
"7917",2000-09-09,9.48765811106399,NA
"7918",2000-09-10,10.0302968498802,NA
"7919",2000-09-11,9.56827667375692,NA
"7920",2000-09-12,10.0394783738344,NA
"7921",2000-09-13,10.6703946851655,NA
"7922",2000-09-14,10.7303792229469,NA
"7923",2000-09-15,10.9102592059152,NA
"7924",2000-09-16,11.6852376283991,NA
"7925",2000-09-17,11.8964899271035,NA
"7926",2000-09-18,12.4502363023045,NA
"7927",2000-09-19,12.4562567866445,NA
"7928",2000-09-20,12.5001777132223,NA
"7929",2000-09-21,12.8353244733903,NA
"7930",2000-09-22,13.0634211843968,NA
"7931",2000-09-23,12.990647522042,NA
"7932",2000-09-24,12.9775133329912,NA
"7933",2000-09-25,12.8728101467423,NA
"7934",2000-09-26,13.2591899238623,NA
"7935",2000-09-27,13.6609893335694,NA
"7936",2000-09-28,14.3846243507011,NA
"7937",2000-09-29,14.1304094877804,NA
"7938",2000-09-30,13.418804729912,NA
"7939",2000-10-01,12.6118422842158,NA
"7940",2000-10-02,12.5538419459048,NA
"7941",2000-10-03,12.2766617410056,NA
"7942",2000-10-04,12.1895797784058,NA
"7943",2000-10-05,12.388054342933,NA
"7944",2000-10-06,13.3468671097455,NA
"7945",2000-10-07,13.7303989360269,NA
"7946",2000-10-08,14.0241893980662,NA
"7947",2000-10-09,13.9745752238495,NA
"7948",2000-10-10,13.5834886427713,NA
"7949",2000-10-11,13.022714092221,NA
"7950",2000-10-12,12.8680279190529,NA
"7951",2000-10-13,11.7004559465618,NA
"7952",2000-10-14,11.3241985655984,NA
"7953",2000-10-15,11.0659594933222,NA
"7954",2000-10-16,10.7021886068824,NA
"7955",2000-10-17,11.7509896829861,NA
"7956",2000-10-18,12.2522960848707,NA
"7957",2000-10-19,11.5754006495276,NA
"7958",2000-10-20,11.9010998457985,NA
"7959",2000-10-21,13.0790747471523,NA
"7960",2000-10-22,14.6517601760173,NA
"7961",2000-10-23,15.9296240479508,NA
"7962",2000-10-24,15.7254461793932,NA
"7963",2000-10-25,15.5268589985747,NA
"7964",2000-10-26,15.5253494652568,NA
"7965",2000-10-27,15.0846568247799,NA
"7966",2000-10-28,13.9718348376041,NA
"7967",2000-10-29,12.6887810351598,NA
"7968",2000-10-30,12.3544899868845,NA
"7969",2000-10-31,13.0165868991347,NA
"7970",2000-11-01,13.6405125237326,NA
"7971",2000-11-02,14.170095408005,NA
"7972",2000-11-03,14.9393664111735,NA
"7973",2000-11-04,15.327897591286,NA
"7974",2000-11-05,15.6162684962101,NA
"7975",2000-11-06,15.3518030729166,NA
"7976",2000-11-07,15.050346454468,NA
"7977",2000-11-08,15.0725476656328,NA
"7978",2000-11-09,15.3326768868716,NA
"7979",2000-11-10,15.8599592110102,NA
"7980",2000-11-11,16.4803474417503,NA
"7981",2000-11-12,17.1364056166297,NA
"7982",2000-11-13,17.7495869486488,NA
"7983",2000-11-14,18.151779612483,NA
"7984",2000-11-15,18.485265951956,NA
"7985",2000-11-16,18.6437900184497,NA
"7986",2000-11-17,18.8737777792657,NA
"7987",2000-11-18,19.3872113892091,NA
"7988",2000-11-19,19.8177790564012,NA
"7989",2000-11-20,19.7168617065707,NA
"7990",2000-11-21,19.2470460516409,NA
"7991",2000-11-22,18.8622910582364,NA
"7992",2000-11-23,18.3543335446346,NA
"7993",2000-11-24,17.7952361934026,NA
"7994",2000-11-25,17.8556791866503,NA
"7995",2000-11-26,17.8086601610018,NA
"7996",2000-11-27,18.5199390053113,NA
"7997",2000-11-28,19.3986250539803,NA
"7998",2000-11-29,19.4796881855699,NA
"7999",2000-11-30,19.7930264288192,NA
"8000",2000-12-01,19.5505586631943,NA
"8001",2000-12-02,19.1957726717621,NA
"8002",2000-12-03,19.009789544192,NA
"8003",2000-12-04,19.2516318350707,NA
"8004",2000-12-05,18.8516417339536,NA
"8005",2000-12-06,18.5971854175625,NA
"8006",2000-12-07,18.2912232815769,NA
"8007",2000-12-08,18.5605703424068,NA
"8008",2000-12-09,18.3906017203913,NA
"8009",2000-12-10,18.9549636758965,NA
"8010",2000-12-11,18.7469312963764,NA
"8011",2000-12-12,18.7923092943469,NA
"8012",2000-12-13,19.0040814021164,NA
"8013",2000-12-14,19.0654682678337,NA
"8014",2000-12-15,19.2685688902625,NA
"8015",2000-12-16,19.7909034578363,NA
"8016",2000-12-17,19.9029565893685,NA
"8017",2000-12-18,19.5989234779224,NA
"8018",2000-12-19,19.9612295967651,NA
"8019",2000-12-20,20.6694561133449,NA
"8020",2000-12-21,21.6333596995223,NA
"8021",2000-12-22,21.5010940292398,NA
"8022",2000-12-23,21.2762051856205,NA
"8023",2000-12-24,20.5929074380262,NA
"8024",2000-12-25,20.1977367889617,NA
"8025",2000-12-26,19.4888884631909,NA
"8026",2000-12-27,18.0163460852894,NA
"8027",2000-12-28,16.0573303764935,NA
"8028",2000-12-29,15.781981458125,NA
"8029",2000-12-30,15.1270070145581,NA
"8030",2000-12-31,16.0157611603621,NA
"8031",2001-01-01,17.3730674875102,NA
"8032",2001-01-02,18.8679559521618,NA
"8033",2001-01-03,20.1942578001854,NA
"8034",2001-01-04,21.4694514700471,NA
"8035",2001-01-05,21.8282949389559,NA
"8036",2001-01-06,22.212091450805,NA
"8037",2001-01-07,22.0234443452178,NA
"8038",2001-01-08,21.6138805261344,NA
"8039",2001-01-09,21.1717432738719,NA
"8040",2001-01-10,21.3576427777468,NA
"8041",2001-01-11,21.2029599926299,NA
"8042",2001-01-12,21.2879646435914,NA
"8043",2001-01-13,21.6417007851352,NA
"8044",2001-01-14,22.1382813570225,NA
"8045",2001-01-15,21.8747336544839,NA
"8046",2001-01-16,21.3950521446706,NA
"8047",2001-01-17,20.6683408043242,NA
"8048",2001-01-18,20.31199778179,NA
"8049",2001-01-19,20.909858020865,NA
"8050",2001-01-20,20.8252685674517,NA
"8051",2001-01-21,20.42589734866,NA
"8052",2001-01-22,21.2098068652003,NA
"8053",2001-01-23,22.0629426128776,NA
"8054",2001-01-24,22.5952736808315,NA
"8055",2001-01-25,22.7870553036805,NA
"8056",2001-01-26,22.5070689514042,NA
"8057",2001-01-27,22.2308125406156,NA
"8058",2001-01-28,21.8177624760897,NA
"8059",2001-01-29,21.4646526548756,NA
"8060",2001-01-30,20.465660716761,NA
"8061",2001-01-31,19.7397447958338,NA
"8062",2001-02-01,19.7115358389545,NA
"8063",2001-02-02,20.476364518748,NA
"8064",2001-02-03,21.2235758995292,NA
"8065",2001-02-04,21.4171261118417,NA
"8066",2001-02-05,21.3619036101028,NA
"8067",2001-02-06,22.070849420305,NA
"8068",2001-02-07,22.5270011164942,NA
"8069",2001-02-08,22.7246376905684,NA
"8070",2001-02-09,22.3177844563923,NA
"8071",2001-02-10,21.6588123141996,NA
"8072",2001-02-11,21.7162736372861,NA
"8073",2001-02-12,22.0883019176014,NA
"8074",2001-02-13,21.5924895794168,NA
"8075",2001-02-14,20.5963090621143,NA
"8076",2001-02-15,19.1307940091075,NA
"8077",2001-02-16,18.7733819799098,NA
"8078",2001-02-17,19.345351872027,NA
"8079",2001-02-18,19.7410816706059,NA
"8080",2001-02-19,20.0139771819541,NA
"8081",2001-02-20,20.6877595163176,NA
"8082",2001-02-21,21.182087655772,NA
"8083",2001-02-22,21.576190607966,NA
"8084",2001-02-23,21.8637994701048,NA
"8085",2001-02-24,21.5359705227231,NA
"8086",2001-02-25,21.0339717733668,NA
"8087",2001-02-26,20.5899335773192,NA
"8088",2001-02-27,20.0842347900705,NA
"8089",2001-02-28,19.6047531802553,NA
"8090",2001-03-01,19.3306985905592,NA
"8091",2001-03-02,18.9326987434162,NA
"8092",2001-03-03,19.3978508047735,NA
"8093",2001-03-04,19.669493707611,NA
"8094",2001-03-05,19.5893665821217,NA
"8095",2001-03-06,19.8543078281112,NA
"8096",2001-03-07,20.450177215528,NA
"8097",2001-03-08,20.9161768978389,NA
"8098",2001-03-09,21.5689233026647,NA
"8099",2001-03-10,21.3763814298458,NA
"8100",2001-03-11,20.9562916584759,NA
"8101",2001-03-12,20.0840649365786,NA
"8102",2001-03-13,19.2422139453178,NA
"8103",2001-03-14,18.5471734800616,NA
"8104",2001-03-15,18.3692670563137,NA
"8105",2001-03-16,17.3840578406694,NA
"8106",2001-03-17,16.7662616763856,NA
"8107",2001-03-18,16.8837152580959,NA
"8108",2001-03-19,17.5561077241245,NA
"8109",2001-03-20,18.1225092667011,NA
"8110",2001-03-21,17.3595753175054,NA
"8111",2001-03-22,16.4241955690169,NA
"8112",2001-03-23,16.2971457263265,NA
"8113",2001-03-24,16.1185978310332,NA
"8114",2001-03-25,16.0909696647011,NA
"8115",2001-03-26,15.8149003698566,NA
"8116",2001-03-27,14.8113760995574,NA
"8117",2001-03-28,15.151666789153,NA
"8118",2001-03-29,14.91296741845,NA
"8119",2001-03-30,14.8730036507249,NA
"8120",2001-03-31,15.5522866042857,NA
"8121",2001-04-01,15.4379747021409,NA
"8122",2001-04-02,14.8716518566349,NA
"8123",2001-04-03,15.0518112772372,NA
"8124",2001-04-04,15.3874336053281,NA
"8125",2001-04-05,15.8069656503586,NA
"8126",2001-04-06,16.2391107069399,NA
"8127",2001-04-07,16.5789284649788,NA
"8128",2001-04-08,16.0662186024586,NA
"8129",2001-04-09,16.3775408346871,NA
"8130",2001-04-10,16.2781424427986,NA
"8131",2001-04-11,15.5287354449172,NA
"8132",2001-04-12,14.731330503444,NA
"8133",2001-04-13,13.8615335262359,NA
"8134",2001-04-14,13.1020283639067,NA
"8135",2001-04-15,14.0575995367969,NA
"8136",2001-04-16,14.6328713841959,NA
"8137",2001-04-17,15.1772365203661,NA
"8138",2001-04-18,16.4416812372186,NA
"8139",2001-04-19,16.5835151584726,NA
"8140",2001-04-20,16.2899120304098,NA
"8141",2001-04-21,15.9461050368918,NA
"8142",2001-04-22,15.2034287760412,NA
"8143",2001-04-23,14.5318689696461,NA
"8144",2001-04-24,14.0190769298549,NA
"8145",2001-04-25,12.9391831333943,NA
"8146",2001-04-26,13.439836249293,NA
"8147",2001-04-27,13.31723234143,NA
"8148",2001-04-28,12.8284841525184,NA
"8149",2001-04-29,12.6228619028518,NA
"8150",2001-04-30,12.3979488709022,NA
"8151",2001-05-01,12.2131991708322,NA
"8152",2001-05-02,12.0517638188443,NA
"8153",2001-05-03,11.9425278943114,NA
"8154",2001-05-04,12.2948228196454,NA
"8155",2001-05-05,12.6215342453294,NA
"8156",2001-05-06,12.6269575377653,NA
"8157",2001-05-07,12.3510829310769,NA
"8158",2001-05-08,12.1102778782776,NA
"8159",2001-05-09,12.2914307955448,NA
"8160",2001-05-10,11.5567223429023,NA
"8161",2001-05-11,11.1180606859096,NA
"8162",2001-05-12,10.8753486299265,NA
"8163",2001-05-13,11.1189909216808,NA
"8164",2001-05-14,11.9140373387433,NA
"8165",2001-05-15,12.595353946005,NA
"8166",2001-05-16,12.3785518034294,NA
"8167",2001-05-17,12.4752774760375,NA
"8168",2001-05-18,12.435912203573,NA
"8169",2001-05-19,12.384087861089,NA
"8170",2001-05-20,12.0568567124981,NA
"8171",2001-05-21,11.3565001646457,NA
"8172",2001-05-22,10.2756073791601,NA
"8173",2001-05-23,9.98374344867188,NA
"8174",2001-05-24,9.76758165689094,NA
"8175",2001-05-25,9.85309542687697,NA
"8176",2001-05-26,9.75364363517362,NA
"8177",2001-05-27,9.32175485145129,NA
"8178",2001-05-28,9.1329037463421,NA
"8179",2001-05-29,9.38911706768494,NA
"8180",2001-05-30,9.32244321229141,NA
"8181",2001-05-31,9.1367083779898,NA
"8182",2001-06-01,9.08080416208068,NA
"8183",2001-06-02,9.1629352528607,NA
"8184",2001-06-03,9.55181432312096,NA
"8185",2001-06-04,9.82625768838959,NA
"8186",2001-06-05,10.3290521267148,NA
"8187",2001-06-06,11.324443286018,NA
"8188",2001-06-07,12.2650581392356,NA
"8189",2001-06-08,12.6523240974424,NA
"8190",2001-06-09,12.7936481771346,NA
"8191",2001-06-10,12.7418853795558,NA
"8192",2001-06-11,12.629905693676,NA
"8193",2001-06-12,12.3875784183018,NA
"8194",2001-06-13,11.5906263030103,NA
"8195",2001-06-14,10.4360610820559,NA
"8196",2001-06-15,9.87715101399828,NA
"8197",2001-06-16,9.49034151196799,NA
"8198",2001-06-17,8.9891103797973,NA
"8199",2001-06-18,8.26085013528708,NA
"8200",2001-06-19,7.59548963327905,NA
"8201",2001-06-20,7.75113891725946,NA
"8202",2001-06-21,8.49423859407993,NA
"8203",2001-06-22,8.89603291801758,NA
"8204",2001-06-23,9.16020705561162,NA
"8205",2001-06-24,9.76592995060468,NA
"8206",2001-06-25,10.6736221881725,NA
"8207",2001-06-26,10.3694139522956,NA
"8208",2001-06-27,9.44146460001635,NA
"8209",2001-06-28,8.79905662057793,NA
"8210",2001-06-29,8.40443587545967,NA
"8211",2001-06-30,8.15981195456433,NA
"8212",2001-07-01,7.56802671416179,NA
"8213",2001-07-02,6.81627753275395,NA
"8214",2001-07-03,6.94440142116653,NA
"8215",2001-07-04,7.30749484099787,NA
"8216",2001-07-05,7.42479319635546,NA
"8217",2001-07-06,7.43623345700533,NA
"8218",2001-07-07,7.77532299610985,NA
"8219",2001-07-08,8.27391598013697,NA
"8220",2001-07-09,8.99628508592574,NA
"8221",2001-07-10,9.72496864374801,NA
"8222",2001-07-11,10.284600735772,NA
"8223",2001-07-12,10.6912954231585,NA
"8224",2001-07-13,10.7507490971025,NA
"8225",2001-07-14,10.568056144494,NA
"8226",2001-07-15,10.4006953247742,NA
"8227",2001-07-16,9.95762948549854,NA
"8228",2001-07-17,9.55045966368967,NA
"8229",2001-07-18,9.32683946904927,NA
"8230",2001-07-19,9.33033020364131,NA
"8231",2001-07-20,9.41741416756054,NA
"8232",2001-07-21,8.94997033636981,NA
"8233",2001-07-22,8.66225985082424,NA
"8234",2001-07-23,8.70574794912408,NA
"8235",2001-07-24,8.84429848588423,NA
"8236",2001-07-25,8.73699814175283,NA
"8237",2001-07-26,8.62026320341101,NA
"8238",2001-07-27,8.55455737401362,NA
"8239",2001-07-28,8.87272181485706,NA
"8240",2001-07-29,8.98618642281968,NA
"8241",2001-07-30,9.0279359296516,NA
"8242",2001-07-31,9.37121690167748,NA
"8243",2001-08-01,9.28289527667758,NA
"8244",2001-08-02,9.02841756787221,NA
"8245",2001-08-03,8.75360388414855,NA
"8246",2001-08-04,8.96746392973909,NA
"8247",2001-08-05,8.97924322580188,NA
"8248",2001-08-06,8.71617239063411,NA
"8249",2001-08-07,8.21732110247592,NA
"8250",2001-08-08,8.27261132159063,NA
"8251",2001-08-09,8.69421735497072,NA
"8252",2001-08-10,9.35113557705287,NA
"8253",2001-08-11,9.41528217552197,NA
"8254",2001-08-12,9.96520051683629,NA
"8255",2001-08-13,10.4583169928167,NA
"8256",2001-08-14,11.2581552161172,NA
"8257",2001-08-15,12.065179534942,NA
"8258",2001-08-16,11.8294759179135,NA
"8259",2001-08-17,11.3110642875053,NA
"8260",2001-08-18,10.7499146251263,NA
"8261",2001-08-19,10.4201215264712,NA
"8262",2001-08-20,9.78709305058234,NA
"8263",2001-08-21,8.9076359045784,NA
"8264",2001-08-22,7.87165785552807,NA
"8265",2001-08-23,7.61583912936602,NA
"8266",2001-08-24,7.56988406178117,NA
"8267",2001-08-25,8.14832682339212,NA
"8268",2001-08-26,7.94585260014372,NA
"8269",2001-08-27,8.45227451441935,NA
"8270",2001-08-28,8.60271409311708,NA
"8271",2001-08-29,8.93859397509084,NA
"8272",2001-08-30,9.36176206756532,NA
"8273",2001-08-31,9.90534666333487,NA
"8274",2001-09-01,9.72035260962311,NA
"8275",2001-09-02,10.2183316253991,NA
"8276",2001-09-03,10.6421667121501,NA
"8277",2001-09-04,10.6533102054163,NA
"8278",2001-09-05,10.4071937840565,NA
"8279",2001-09-06,10.5406083686054,NA
"8280",2001-09-07,10.4294738847603,NA
"8281",2001-09-08,10.4700219906623,NA
"8282",2001-09-09,10.4568252404305,NA
"8283",2001-09-10,10.3781006550676,NA
"8284",2001-09-11,11.2342457211517,NA
"8285",2001-09-12,12.1214365133734,NA
"8286",2001-09-13,12.3407636401714,NA
"8287",2001-09-14,12.4996504842246,NA
"8288",2001-09-15,13.1001969562171,NA
"8289",2001-09-16,13.2861110333905,NA
"8290",2001-09-17,12.9047943751804,NA
"8291",2001-09-18,12.7172707383772,NA
"8292",2001-09-19,13.2210895244147,NA
"8293",2001-09-20,13.0019685004378,NA
"8294",2001-09-21,13.3896256812183,NA
"8295",2001-09-22,14.2199075290463,NA
"8296",2001-09-23,15.3066575619832,NA
"8297",2001-09-24,15.9881490105731,NA
"8298",2001-09-25,15.5431126164613,NA
"8299",2001-09-26,14.4238199311717,NA
"8300",2001-09-27,14.497028046265,NA
"8301",2001-09-28,14.5768464556843,NA
"8302",2001-09-29,14.4082876745209,NA
"8303",2001-09-30,14.4201902089795,NA
"8304",2001-10-01,14.4225391536658,NA
"8305",2001-10-02,14.7589875578602,NA
"8306",2001-10-03,15.2560382115974,NA
"8307",2001-10-04,15.1802509601044,NA
"8308",2001-10-05,14.6297115637345,NA
"8309",2001-10-06,13.2442236596374,NA
"8310",2001-10-07,11.749364261034,NA
"8311",2001-10-08,10.9426441153135,NA
"8312",2001-10-09,10.9493915645228,NA
"8313",2001-10-10,11.6901368473567,NA
"8314",2001-10-11,11.6205201743388,NA
"8315",2001-10-12,11.6788920221718,NA
"8316",2001-10-13,12.131090965803,NA
"8317",2001-10-14,12.2526928383908,NA
"8318",2001-10-15,12.7717497040266,NA
"8319",2001-10-16,12.9591747779087,NA
"8320",2001-10-17,12.3040524643888,NA
"8321",2001-10-18,11.9981971096837,NA
"8322",2001-10-19,11.5645657546016,NA
"8323",2001-10-20,11.2083244153595,NA
"8324",2001-10-21,11.6840309484157,NA
"8325",2001-10-22,12.8331954784162,NA
"8326",2001-10-23,13.0963670124126,NA
"8327",2001-10-24,13.3839572973501,NA
"8328",2001-10-25,14.162212244884,NA
"8329",2001-10-26,14.6786158706952,NA
"8330",2001-10-27,15.1775707874512,NA
"8331",2001-10-28,15.0836733399105,NA
"8332",2001-10-29,13.9806927038173,NA
"8333",2001-10-30,13.633268368324,NA
"8334",2001-10-31,13.1924807207293,NA
"8335",2001-11-01,13.0999803250243,NA
"8336",2001-11-02,13.149455968468,NA
"8337",2001-11-03,13.7239419467932,NA
"8338",2001-11-04,14.9405200759716,NA
"8339",2001-11-05,16.1795213781241,NA
"8340",2001-11-06,15.9873765529138,NA
"8341",2001-11-07,15.945803047385,NA
"8342",2001-11-08,16.2701517164211,NA
"8343",2001-11-09,16.5058197815904,NA
"8344",2001-11-10,15.3751906495166,NA
"8345",2001-11-11,13.6000459352264,NA
"8346",2001-11-12,12.0354412046558,NA
"8347",2001-11-13,12.3122128840445,NA
"8348",2001-11-14,12.6378594347011,NA
"8349",2001-11-15,12.7219709715175,NA
"8350",2001-11-16,13.241730368205,NA
"8351",2001-11-17,14.8824572680121,NA
"8352",2001-11-18,14.8605195870774,NA
"8353",2001-11-19,14.9668235750561,NA
"8354",2001-11-20,15.0218680863,NA
"8355",2001-11-21,15.1902067694147,NA
"8356",2001-11-22,15.8200739076213,NA
"8357",2001-11-23,15.533057487155,NA
"8358",2001-11-24,15.1246523269042,NA
"8359",2001-11-25,15.9038952647719,NA
"8360",2001-11-26,16.3374734430926,NA
"8361",2001-11-27,16.4438628757885,NA
"8362",2001-11-28,16.4945075042957,NA
"8363",2001-11-29,16.0822385741934,NA
"8364",2001-11-30,15.6672304230279,NA
"8365",2001-12-01,15.3995567941776,NA
"8366",2001-12-02,15.5827969135627,NA
"8367",2001-12-03,15.6209833228596,NA
"8368",2001-12-04,15.4144951783468,NA
"8369",2001-12-05,15.5934547407081,NA
"8370",2001-12-06,15.254867389339,NA
"8371",2001-12-07,15.1889585557414,NA
"8372",2001-12-08,14.9715817314957,NA
"8373",2001-12-09,14.7445080952268,NA
"8374",2001-12-10,14.5454141344562,NA
"8375",2001-12-11,14.5317167493202,NA
"8376",2001-12-12,14.1904088992638,NA
"8377",2001-12-13,14.2197650712654,NA
"8378",2001-12-14,14.6753018049415,NA
"8379",2001-12-15,14.7537015561477,NA
"8380",2001-12-16,14.6793455785802,NA
"8381",2001-12-17,14.9725649930771,NA
"8382",2001-12-18,15.4173792996703,NA
"8383",2001-12-19,16.6256249139969,NA
"8384",2001-12-20,17.040130838572,NA
"8385",2001-12-21,17.0414313293492,NA
"8386",2001-12-22,17.3502190234528,NA
"8387",2001-12-23,17.7764958459123,NA
"8388",2001-12-24,17.7748648758455,NA
"8389",2001-12-25,17.4640443491516,NA
"8390",2001-12-26,15.8536364706747,NA
"8391",2001-12-27,15.5407050206273,NA
"8392",2001-12-28,16.1295045170448,NA
"8393",2001-12-29,16.8910764348686,NA
"8394",2001-12-30,16.6846386271309,NA
"8395",2001-12-31,16.7112183288665,NA
"8396",2002-01-01,16.8567018927476,NA
"8397",2002-01-02,17.2538433087424,NA
"8398",2002-01-03,17.1909829703514,NA
"8399",2002-01-04,16.7207088808922,NA
"8400",2002-01-05,16.4827907706876,NA
"8401",2002-01-06,17.5271480305177,NA
"8402",2002-01-07,17.5507028565447,NA
"8403",2002-01-08,17.6713716148392,NA
"8404",2002-01-09,18.0309322520604,NA
"8405",2002-01-10,19.1119233039379,NA
"8406",2002-01-11,19.3614547661944,NA
"8407",2002-01-12,18.7444695789305,NA
"8408",2002-01-13,17.6769272424869,NA
"8409",2002-01-14,17.7046782676172,NA
"8410",2002-01-15,17.8058601515547,NA
"8411",2002-01-16,17.8697622681392,NA
"8412",2002-01-17,16.7504993443011,NA
"8413",2002-01-18,17.1239621107354,NA
"8414",2002-01-19,18.5271869960528,NA
"8415",2002-01-20,19.5382534398939,NA
"8416",2002-01-21,19.5064295743074,NA
"8417",2002-01-22,19.5398281954704,NA
"8418",2002-01-23,19.4797736272211,NA
"8419",2002-01-24,19.9499181528342,NA
"8420",2002-01-25,20.4034277288074,NA
"8421",2002-01-26,20.4927716135725,NA
"8422",2002-01-27,20.5956220718008,NA
"8423",2002-01-28,20.9967275918583,NA
"8424",2002-01-29,21.1299744335929,NA
"8425",2002-01-30,21.3401995210261,NA
"8426",2002-01-31,21.3378603958049,NA
"8427",2002-02-01,21.3743223639693,NA
"8428",2002-02-02,20.35730586455,NA
"8429",2002-02-03,19.2655395254339,NA
"8430",2002-02-04,18.756321058439,NA
"8431",2002-02-05,18.822955578392,NA
"8432",2002-02-06,18.9204000830057,NA
"8433",2002-02-07,18.7296134331762,NA
"8434",2002-02-08,17.5898171973283,NA
"8435",2002-02-09,17.5202893112109,NA
"8436",2002-02-10,17.3267370576809,NA
"8437",2002-02-11,17.3582329807522,NA
"8438",2002-02-12,17.6046377834256,NA
"8439",2002-02-13,18.1484094256799,NA
"8440",2002-02-14,19.1077598292116,NA
"8441",2002-02-15,19.7524969814943,NA
"8442",2002-02-16,19.9814041853323,NA
"8443",2002-02-17,20.463431476851,NA
"8444",2002-02-18,20.6172004532038,NA
"8445",2002-02-19,21.0886619520259,NA
"8446",2002-02-20,20.5013542047876,NA
"8447",2002-02-21,19.3159845057053,NA
"8448",2002-02-22,18.6916390238154,NA
"8449",2002-02-23,18.7279977860618,NA
"8450",2002-02-24,19.0118280694507,NA
"8451",2002-02-25,19.6146540125581,NA
"8452",2002-02-26,18.8720453042441,NA
"8453",2002-02-27,18.4348160813962,NA
"8454",2002-02-28,18.3039096413136,NA
"8455",2002-03-01,18.0987894755472,NA
"8456",2002-03-02,17.8966317072209,NA
"8457",2002-03-03,17.2640598343758,NA
"8458",2002-03-04,16.9004922879151,NA
"8459",2002-03-05,17.5553653642706,NA
"8460",2002-03-06,18.4140264333379,NA
"8461",2002-03-07,18.5283782584164,NA
"8462",2002-03-08,18.6018836660339,NA
"8463",2002-03-09,19.0156531931545,NA
"8464",2002-03-10,19.6463697430019,NA
"8465",2002-03-11,19.4351257160763,NA
"8466",2002-03-12,18.4075153406188,NA
"8467",2002-03-13,17.81726578251,NA
"8468",2002-03-14,17.811065754092,NA
"8469",2002-03-15,17.8003217807518,NA
"8470",2002-03-16,17.8331123838281,NA
"8471",2002-03-17,17.8779604457154,NA
"8472",2002-03-18,18.3865823140692,NA
"8473",2002-03-19,18.7796319522052,NA
"8474",2002-03-20,18.7800432782013,NA
"8475",2002-03-21,18.4529263465493,NA
"8476",2002-03-22,18.5911967603708,NA
"8477",2002-03-23,18.7813164804465,NA
"8478",2002-03-24,19.1565971597988,NA
"8479",2002-03-25,18.8902525457485,NA
"8480",2002-03-26,18.4569839103787,NA
"8481",2002-03-27,18.3486573295912,NA
"8482",2002-03-28,18.7446172004234,NA
"8483",2002-03-29,18.3654091496008,NA
"8484",2002-03-30,17.4184950157951,NA
"8485",2002-03-31,16.2595358000538,NA
"8486",2002-04-01,16.0598055081916,NA
"8487",2002-04-02,16.7740465142856,NA
"8488",2002-04-03,17.0222853188979,NA
"8489",2002-04-04,16.4434882753098,NA
"8490",2002-04-05,16.3827814265462,NA
"8491",2002-04-06,16.4723040820333,NA
"8492",2002-04-07,16.2407307270673,NA
"8493",2002-04-08,16.2845683756954,NA
"8494",2002-04-09,16.4964948124618,NA
"8495",2002-04-10,16.7869931438148,NA
"8496",2002-04-11,17.8651731591717,NA
"8497",2002-04-12,18.5356860891107,NA
"8498",2002-04-13,18.4659225757196,NA
"8499",2002-04-14,18.3669814373629,NA
"8500",2002-04-15,18.0404604815632,NA
"8501",2002-04-16,17.4217050731483,NA
"8502",2002-04-17,17.031450534328,NA
"8503",2002-04-18,16.4293277371473,NA
"8504",2002-04-19,16.0644012554341,NA
"8505",2002-04-20,16.3033547946042,NA
"8506",2002-04-21,16.4977869664333,NA
"8507",2002-04-22,16.4649194083411,NA
"8508",2002-04-23,16.7738562054788,NA
"8509",2002-04-24,17.1995999393209,NA
"8510",2002-04-25,16.8775698108146,NA
"8511",2002-04-26,16.187361618345,NA
"8512",2002-04-27,15.436116032796,NA
"8513",2002-04-28,14.8294732130027,NA
"8514",2002-04-29,14.3795378701744,NA
"8515",2002-04-30,13.5547119972321,NA
"8516",2002-05-01,12.6691017396474,NA
"8517",2002-05-02,12.7927132415102,NA
"8518",2002-05-03,13.3013341641347,NA
"8519",2002-05-04,13.933266935617,NA
"8520",2002-05-05,14.725206748219,NA
"8521",2002-05-06,15.0687856313814,NA
"8522",2002-05-07,15.4878475409899,NA
"8523",2002-05-08,15.8909441201763,NA
"8524",2002-05-09,15.8997517336298,NA
"8525",2002-05-10,15.6668622507099,NA
"8526",2002-05-11,15.5844943404766,NA
"8527",2002-05-12,15.4435173840022,NA
"8528",2002-05-13,14.7924381498105,NA
"8529",2002-05-14,14.0819414919547,NA
"8530",2002-05-15,13.6873514100367,NA
"8531",2002-05-16,13.2720532959396,NA
"8532",2002-05-17,12.7190673782427,NA
"8533",2002-05-18,12.00854791125,NA
"8534",2002-05-19,11.1461484340133,NA
"8535",2002-05-20,11.0901063738577,NA
"8536",2002-05-21,11.1365282677585,NA
"8537",2002-05-22,10.6173627320801,NA
"8538",2002-05-23,10.4891287035953,NA
"8539",2002-05-24,10.6384179958923,NA
"8540",2002-05-25,10.7463445317386,NA
"8541",2002-05-26,10.5734871707573,NA
"8542",2002-05-27,10.2719303500368,NA
"8543",2002-05-28,9.82094408892577,NA
"8544",2002-05-29,9.35987540480733,NA
"8545",2002-05-30,8.9027191403466,NA
"8546",2002-05-31,8.75100876850895,NA
"8547",2002-06-01,8.47283822536812,NA
"8548",2002-06-02,8.36971997335341,NA
"8549",2002-06-03,8.18333293607635,NA
"8550",2002-06-04,8.0800544892348,NA
"8551",2002-06-05,8.58453728854504,NA
"8552",2002-06-06,9.73338112287636,NA
"8553",2002-06-07,9.97490618367799,NA
"8554",2002-06-08,10.2034224476927,NA
"8555",2002-06-09,10.8484408901103,NA
"8556",2002-06-10,11.6433322223713,NA
"8557",2002-06-11,12.2173987604357,NA
"8558",2002-06-12,12.1970882156491,NA
"8559",2002-06-13,11.3178953558166,NA
"8560",2002-06-14,11.1678452213444,NA
"8561",2002-06-15,11.283102188164,NA
"8562",2002-06-16,10.8517025627829,NA
"8563",2002-06-17,10.1480718140348,NA
"8564",2002-06-18,9.09622883382446,NA
"8565",2002-06-19,8.81166253301159,NA
"8566",2002-06-20,8.47343038110188,NA
"8567",2002-06-21,8.47028153812833,NA
"8568",2002-06-22,8.21446935415468,NA
"8569",2002-06-23,8.2990027080501,NA
"8570",2002-06-24,8.59891940655788,NA
"8571",2002-06-25,9.07602665482774,NA
"8572",2002-06-26,8.9020769355375,NA
"8573",2002-06-27,8.83235905115129,NA
"8574",2002-06-28,8.47296308581671,NA
"8575",2002-06-29,8.24944607123511,NA
"8576",2002-06-30,7.66830716002411,NA
"8577",2002-07-01,7.35852101371982,NA
"8578",2002-07-02,7.31736080759081,NA
"8579",2002-07-03,7.19874303588629,NA
"8580",2002-07-04,7.79869192781444,NA
"8581",2002-07-05,8.00670417483056,NA
"8582",2002-07-06,8.42516476146171,NA
"8583",2002-07-07,8.9907496775313,NA
"8584",2002-07-08,9.39271905817828,NA
"8585",2002-07-09,9.29851023534546,NA
"8586",2002-07-10,9.21499683614734,NA
"8587",2002-07-11,8.87965881301731,NA
"8588",2002-07-12,8.87133756244335,NA
"8589",2002-07-13,9.11579534657254,NA
"8590",2002-07-14,8.69926184242025,NA
"8591",2002-07-15,8.45206198214869,NA
"8592",2002-07-16,8.48272154435247,NA
"8593",2002-07-17,8.9228392369576,NA
"8594",2002-07-18,9.21484878035199,NA
"8595",2002-07-19,9.51116401482628,NA
"8596",2002-07-20,8.71073696964777,NA
"8597",2002-07-21,8.4703103669759,NA
"8598",2002-07-22,8.09381066602214,NA
"8599",2002-07-23,8.43569105665779,NA
"8600",2002-07-24,7.94230349109861,NA
"8601",2002-07-25,7.58494339289849,NA
"8602",2002-07-26,7.31153910952454,NA
"8603",2002-07-27,8.25404771959189,NA
"8604",2002-07-28,8.95350009952048,NA
"8605",2002-07-29,9.06884564668686,NA
"8606",2002-07-30,8.83932215774646,NA
"8607",2002-07-31,9.59420541250285,NA
"8608",2002-08-01,10.0173993852112,NA
"8609",2002-08-02,10.2716499255948,NA
"8610",2002-08-03,9.83562635770123,NA
"8611",2002-08-04,9.60681783952404,NA
"8612",2002-08-05,10.0955519789159,NA
"8613",2002-08-06,10.5790067729506,NA
"8614",2002-08-07,10.481361172955,NA
"8615",2002-08-08,10.4544653606447,NA
"8616",2002-08-09,10.2756561121735,NA
"8617",2002-08-10,10.7880930948449,NA
"8618",2002-08-11,10.9579325850315,NA
"8619",2002-08-12,10.340226604389,NA
"8620",2002-08-13,9.7004361839283,NA
"8621",2002-08-14,9.26387280274793,NA
"8622",2002-08-15,8.96099834564729,NA
"8623",2002-08-16,8.77174233832518,NA
"8624",2002-08-17,8.04949668415218,NA
"8625",2002-08-18,7.70915879699403,NA
"8626",2002-08-19,8.06125921916329,NA
"8627",2002-08-20,8.43214342018229,NA
"8628",2002-08-21,8.64721971409353,NA
"8629",2002-08-22,8.66347272432187,NA
"8630",2002-08-23,8.35953829059635,NA
"8631",2002-08-24,8.0564694742775,NA
"8632",2002-08-25,8.056104773776,NA
"8633",2002-08-26,7.99500457473789,NA
"8634",2002-08-27,8.12457355263359,NA
"8635",2002-08-28,8.60788554792898,NA
"8636",2002-08-29,9.00493576884768,NA
"8637",2002-08-30,9.63405507631406,NA
"8638",2002-08-31,10.461180135231,NA
"8639",2002-09-01,11.0601258967222,NA
"8640",2002-09-02,12.1035604362669,NA
"8641",2002-09-03,12.6118796281092,NA
"8642",2002-09-04,12.2799638407777,NA
"8643",2002-09-05,12.7574832239889,NA
"8644",2002-09-06,13.111942573483,NA
"8645",2002-09-07,12.6122571922047,NA
"8646",2002-09-08,12.6423741629789,NA
"8647",2002-09-09,11.362063945985,NA
"8648",2002-09-10,10.2520398413862,NA
"8649",2002-09-11,10.1075071065868,NA
"8650",2002-09-12,9.62772219046223,NA
"8651",2002-09-13,9.83771651176178,NA
"8652",2002-09-14,11.2178764382376,NA
"8653",2002-09-15,12.714016548565,NA
"8654",2002-09-16,12.8866319421776,NA
"8655",2002-09-17,13.4909743802291,NA
"8656",2002-09-18,13.6973977925787,NA
"8657",2002-09-19,13.2743265115399,NA
"8658",2002-09-20,12.7704580004773,NA
"8659",2002-09-21,12.307488672155,NA
"8660",2002-09-22,10.9407061073967,NA
"8661",2002-09-23,11.957696064632,NA
"8662",2002-09-24,12.285560510026,NA
"8663",2002-09-25,12.3550736231073,NA
"8664",2002-09-26,12.7829443816194,NA
"8665",2002-09-27,12.9580267985359,NA
"8666",2002-09-28,11.9109520906836,NA
"8667",2002-09-29,11.4166890444961,NA
"8668",2002-09-30,10.6465718138192,NA
"8669",2002-10-01,10.9354603158388,NA
"8670",2002-10-02,11.8245127411333,NA
"8671",2002-10-03,12.9146338100585,NA
"8672",2002-10-04,13.021524233866,NA
"8673",2002-10-05,13.922567894654,NA
"8674",2002-10-06,15.2593482978552,NA
"8675",2002-10-07,16.217020903483,NA
"8676",2002-10-08,15.3134985784489,NA
"8677",2002-10-09,14.3141050967419,NA
"8678",2002-10-10,13.2500434308484,NA
"8679",2002-10-11,13.4991024404535,NA
"8680",2002-10-12,14.098161977799,NA
"8681",2002-10-13,13.1162345543693,NA
"8682",2002-10-14,12.5310561916315,NA
"8683",2002-10-15,13.7947397516615,NA
"8684",2002-10-16,14.6027319021435,NA
"8685",2002-10-17,15.0205933064753,NA
"8686",2002-10-18,15.5898107203096,NA
"8687",2002-10-19,15.0817454315996,NA
"8688",2002-10-20,15.354755181704,NA
"8689",2002-10-21,15.3640713705916,NA
"8690",2002-10-22,15.1839948810694,NA
"8691",2002-10-23,14.2876871099376,NA
"8692",2002-10-24,14.2025932680359,NA
"8693",2002-10-25,13.049349875916,NA
"8694",2002-10-26,12.5431225594226,NA
"8695",2002-10-27,12.2207582254737,NA
"8696",2002-10-28,12.1957441184994,NA
"8697",2002-10-29,12.9696180885754,NA
"8698",2002-10-30,14.2150078513398,NA
"8699",2002-10-31,14.2269348745725,NA
"8700",2002-11-01,14.9637031483114,NA
"8701",2002-11-02,16.1996704498597,NA
"8702",2002-11-03,16.4474729177646,NA
"8703",2002-11-04,16.1850722609573,NA
"8704",2002-11-05,15.260177393174,NA
"8705",2002-11-06,15.4549517414999,NA
"8706",2002-11-07,16.758099093839,NA
"8707",2002-11-08,17.5755985789718,NA
"8708",2002-11-09,17.7093894029877,NA
"8709",2002-11-10,17.6166535525726,NA
"8710",2002-11-11,19.0621036412041,NA
"8711",2002-11-12,19.7261778972451,NA
"8712",2002-11-13,19.1680292944519,NA
"8713",2002-11-14,18.3286254290918,NA
"8714",2002-11-15,17.2379682688826,NA
"8715",2002-11-16,17.5266078729901,NA
"8716",2002-11-17,18.9000024046251,NA
"8717",2002-11-18,18.6372670379063,NA
"8718",2002-11-19,18.2221968087714,NA
"8719",2002-11-20,18.0658991983639,NA
"8720",2002-11-21,17.9421748667569,NA
"8721",2002-11-22,18.3908467258234,NA
"8722",2002-11-23,18.7416452916617,NA
"8723",2002-11-24,18.7015342748741,NA
"8724",2002-11-25,18.7902674503076,NA
"8725",2002-11-26,18.5395817752683,NA
"8726",2002-11-27,18.9473323263657,NA
"8727",2002-11-28,19.4204942471291,NA
"8728",2002-11-29,19.2752656475074,NA
"8729",2002-11-30,17.9973898928542,NA
"8730",2002-12-01,17.6545659648502,NA
"8731",2002-12-02,17.9469069124747,NA
"8732",2002-12-03,18.6121885570723,NA
"8733",2002-12-04,18.2873692879747,NA
"8734",2002-12-05,17.2341696144815,NA
"8735",2002-12-06,16.7096070712879,NA
"8736",2002-12-07,16.9248829422059,NA
"8737",2002-12-08,16.318551043467,NA
"8738",2002-12-09,14.6923558203071,NA
"8739",2002-12-10,13.7070422104746,NA
"8740",2002-12-11,14.0814367003515,NA
"8741",2002-12-12,14.7479928544041,NA
"8742",2002-12-13,15.3667964742927,NA
"8743",2002-12-14,15.8909296602133,NA
"8744",2002-12-15,16.9057738125132,NA
"8745",2002-12-16,18.265220407865,NA
"8746",2002-12-17,19.8608889374754,NA
"8747",2002-12-18,20.5926301505503,NA
"8748",2002-12-19,21.4044633595278,NA
"8749",2002-12-20,21.9501417229152,NA
"8750",2002-12-21,22.373371552941,NA
"8751",2002-12-22,21.8002275260317,NA
"8752",2002-12-23,21.1401210999773,NA
"8753",2002-12-24,19.974144919879,NA
"8754",2002-12-25,19.0866933506005,NA
"8755",2002-12-26,18.3034665436226,NA
"8756",2002-12-27,17.8014140982768,NA
"8757",2002-12-28,18.0570292000073,NA
"8758",2002-12-29,19.5021950573185,NA
"8759",2002-12-30,20.5718247366701,NA
"8760",2002-12-31,20.7273105139272,NA
"8761",2003-01-01,20.6541341347583,NA
"8762",2003-01-02,20.7241664313715,NA
"8763",2003-01-03,20.5130834286427,NA
"8764",2003-01-04,19.3255333485292,NA
"8765",2003-01-05,18.404792753657,NA
"8766",2003-01-06,18.595130797076,NA
"8767",2003-01-07,19.5594080657391,NA
"8768",2003-01-08,19.6586106252547,NA
"8769",2003-01-09,19.4379962413038,NA
"8770",2003-01-10,19.477836746889,NA
"8771",2003-01-11,20.0942985346549,NA
"8772",2003-01-12,20.7124325568494,NA
"8773",2003-01-13,20.4777985290031,NA
"8774",2003-01-14,19.6556145843617,NA
"8775",2003-01-15,19.8715306812974,NA
"8776",2003-01-16,20.3836442002251,NA
"8777",2003-01-17,21.1620402826303,NA
"8778",2003-01-18,20.7450476606581,NA
"8779",2003-01-19,20.4790966348293,NA
"8780",2003-01-20,20.7374028725845,NA
"8781",2003-01-21,20.9562550799872,NA
"8782",2003-01-22,20.8945955682026,NA
"8783",2003-01-23,20.8665021167643,NA
"8784",2003-01-24,21.311819322636,NA
"8785",2003-01-25,22.4241663920226,NA
"8786",2003-01-26,22.2350899533959,NA
"8787",2003-01-27,21.5960381244903,NA
"8788",2003-01-28,21.8127615630894,NA
"8789",2003-01-29,22.5846821578233,NA
"8790",2003-01-30,22.3874388250236,NA
"8791",2003-01-31,21.3559852857404,NA
"8792",2003-02-01,19.6203149285004,NA
"8793",2003-02-02,19.8859508632549,NA
"8794",2003-02-03,20.6690419549744,NA
"8795",2003-02-04,21.062436708735,NA
"8796",2003-02-05,20.4204259750827,NA
"8797",2003-02-06,20.8479441751413,NA
"8798",2003-02-07,21.3053308906184,NA
"8799",2003-02-08,21.4311780026435,NA
"8800",2003-02-09,21.3782400347131,NA
"8801",2003-02-10,20.7719969767564,NA
"8802",2003-02-11,19.9698183435647,NA
"8803",2003-02-12,20.0113270998409,NA
"8804",2003-02-13,19.5908479343134,NA
"8805",2003-02-14,19.3680203792629,NA
"8806",2003-02-15,19.5613904005347,NA
"8807",2003-02-16,19.0036904695782,NA
"8808",2003-02-17,18.5957056773184,NA
"8809",2003-02-18,18.2927612602092,NA
"8810",2003-02-19,17.8544054048816,NA
"8811",2003-02-20,18.4742454817912,NA
"8812",2003-02-21,18.6258555069659,NA
"8813",2003-02-22,18.9190861878453,NA
"8814",2003-02-23,20.1438178977493,NA
"8815",2003-02-24,21.1770466997638,NA
"8816",2003-02-25,21.7586708371998,NA
"8817",2003-02-26,22.0670759202635,NA
"8818",2003-02-27,21.9244604604841,NA
"8819",2003-02-28,21.4656642159189,NA
"8820",2003-03-01,20.5538049187699,NA
"8821",2003-03-02,19.2744922900396,NA
"8822",2003-03-03,18.0323457758494,NA
"8823",2003-03-04,17.1330355957069,NA
"8824",2003-03-05,15.9665589773631,NA
"8825",2003-03-06,15.5888649215394,NA
"8826",2003-03-07,16.4494378647655,NA
"8827",2003-03-08,17.0664666766702,NA
"8828",2003-03-09,17.2891573696129,NA
"8829",2003-03-10,17.834488294154,NA
"8830",2003-03-11,18.4916918619327,NA
"8831",2003-03-12,19.3805803684187,NA
"8832",2003-03-13,19.4715706612345,NA
"8833",2003-03-14,18.9749185818719,NA
"8834",2003-03-15,19.1252844087187,NA
"8835",2003-03-16,19.6394509745535,NA
"8836",2003-03-17,20.2474264680911,NA
"8837",2003-03-18,20.7612849775738,NA
"8838",2003-03-19,20.3296407832315,NA
"8839",2003-03-20,19.5988017951171,NA
"8840",2003-03-21,19.3059819584303,NA
"8841",2003-03-22,18.8867446449948,NA
"8842",2003-03-23,18.2387560747272,NA
"8843",2003-03-24,17.4084824441936,NA
"8844",2003-03-25,16.549076441507,NA
"8845",2003-03-26,16.8996566593956,NA
"8846",2003-03-27,17.9976390317085,NA
"8847",2003-03-28,18.5769568435997,NA
"8848",2003-03-29,19.1731080264864,NA
"8849",2003-03-30,19.1502267703917,NA
"8850",2003-03-31,18.9349271022236,NA
"8851",2003-04-01,18.8604450443877,NA
"8852",2003-04-02,18.1537756468461,NA
"8853",2003-04-03,17.0996287739297,NA
"8854",2003-04-04,16.4007791571057,NA
"8855",2003-04-05,15.6370041043327,NA
"8856",2003-04-06,15.7463233952289,NA
"8857",2003-04-07,16.1667071927151,NA
"8858",2003-04-08,15.0278940088839,NA
"8859",2003-04-09,14.8300282325487,NA
"8860",2003-04-10,15.5561522870881,NA
"8861",2003-04-11,15.8400639900473,NA
"8862",2003-04-12,16.7585675273913,NA
"8863",2003-04-13,16.65932972943,NA
"8864",2003-04-14,16.1193458086916,NA
"8865",2003-04-15,15.9568874627429,NA
"8866",2003-04-16,15.5075733683515,NA
"8867",2003-04-17,14.971111303394,NA
"8868",2003-04-18,14.916848879337,NA
"8869",2003-04-19,14.12346788978,NA
"8870",2003-04-20,14.080432896746,NA
"8871",2003-04-21,13.9704267612994,NA
"8872",2003-04-22,14.4372087277729,NA
"8873",2003-04-23,15.2137265734731,NA
"8874",2003-04-24,15.2656273265649,NA
"8875",2003-04-25,15.5873876685871,NA
"8876",2003-04-26,15.8547479041933,NA
"8877",2003-04-27,15.5014451368963,NA
"8878",2003-04-28,15.5192480594904,NA
"8879",2003-04-29,15.3686182962375,NA
"8880",2003-04-30,14.8548119876535,NA
"8881",2003-05-01,14.4590016315175,NA
"8882",2003-05-02,14.0299777025805,NA
"8883",2003-05-03,13.3354535933837,NA
"8884",2003-05-04,12.783905190208,NA
"8885",2003-05-05,12.5015285247568,NA
"8886",2003-05-06,12.8576997365306,NA
"8887",2003-05-07,13.2882466405757,NA
"8888",2003-05-08,13.9603637388723,NA
"8889",2003-05-09,13.6663426464841,NA
"8890",2003-05-10,13.4375892745914,NA
"8891",2003-05-11,13.8661203041346,NA
"8892",2003-05-12,13.851290669462,NA
"8893",2003-05-13,13.7872955637743,NA
"8894",2003-05-14,13.7853247273111,NA
"8895",2003-05-15,13.6387216202931,NA
"8896",2003-05-16,14.0265583034237,NA
"8897",2003-05-17,14.5523198630966,NA
"8898",2003-05-18,14.7870844807636,NA
"8899",2003-05-19,14.6289671278397,NA
"8900",2003-05-20,14.2847239636937,NA
"8901",2003-05-21,13.5324191489432,NA
"8902",2003-05-22,12.6063646666477,NA
"8903",2003-05-23,11.6392908152196,NA
"8904",2003-05-24,10.9032179681954,NA
"8905",2003-05-25,10.4770645444842,NA
"8906",2003-05-26,10.2641305724208,NA
"8907",2003-05-27,9.77508518258082,NA
"8908",2003-05-28,9.53348946788101,NA
"8909",2003-05-29,9.37246807415109,NA
"8910",2003-05-30,9.46655094333714,NA
"8911",2003-05-31,9.94178729434146,NA
"8912",2003-06-01,10.1207936007516,NA
"8913",2003-06-02,10.5631494875019,NA
"8914",2003-06-03,10.8566894352064,NA
"8915",2003-06-04,11.5452552115572,NA
"8916",2003-06-05,12.1754528279676,NA
"8917",2003-06-06,12.2386423892679,NA
"8918",2003-06-07,11.700977280536,NA
"8919",2003-06-08,11.4705345875276,NA
"8920",2003-06-09,10.8250078677703,NA
"8921",2003-06-10,10.2733742738656,NA
"8922",2003-06-11,9.99273985608451,NA
"8923",2003-06-12,9.62770227011091,NA
"8924",2003-06-13,9.4886818504776,NA
"8925",2003-06-14,9.37787864083802,NA
"8926",2003-06-15,9.04045339740257,NA
"8927",2003-06-16,9.23556535039195,NA
"8928",2003-06-17,9.70886097066051,NA
"8929",2003-06-18,9.54281922611675,NA
"8930",2003-06-19,9.65040080453184,NA
"8931",2003-06-20,9.55421764801246,NA
"8932",2003-06-21,9.68407796078687,NA
"8933",2003-06-22,9.38987569372405,NA
"8934",2003-06-23,8.69302024497709,NA
"8935",2003-06-24,7.83192276715048,NA
"8936",2003-06-25,7.35284125725008,NA
"8937",2003-06-26,7.45657235552855,NA
"8938",2003-06-27,7.86799752784955,NA
"8939",2003-06-28,8.09611725549483,NA
"8940",2003-06-29,8.79820354452182,NA
"8941",2003-06-30,9.38106410668279,NA
"8942",2003-07-01,10.1005056713226,NA
"8943",2003-07-02,10.2962633189501,NA
"8944",2003-07-03,9.72646042044767,NA
"8945",2003-07-04,9.50196400898007,NA
"8946",2003-07-05,9.44382653188098,NA
"8947",2003-07-06,9.29286046486908,NA
"8948",2003-07-07,9.09082250503756,NA
"8949",2003-07-08,8.83692744178089,NA
"8950",2003-07-09,8.88199481714704,NA
"8951",2003-07-10,9.17012581584848,NA
"8952",2003-07-11,9.50152355123907,NA
"8953",2003-07-12,9.21172710315805,NA
"8954",2003-07-13,8.89800550031471,NA
"8955",2003-07-14,8.93871307821852,NA
"8956",2003-07-15,9.2538623537532,NA
"8957",2003-07-16,9.04867635116709,NA
"8958",2003-07-17,8.82119033025442,NA
"8959",2003-07-18,8.40833932867251,NA
"8960",2003-07-19,8.17573425450311,NA
"8961",2003-07-20,8.04564010756424,NA
"8962",2003-07-21,8.22707874437525,NA
"8963",2003-07-22,8.19728811908567,NA
"8964",2003-07-23,8.29006667763121,NA
"8965",2003-07-24,8.46288701471136,NA
"8966",2003-07-25,8.12910261130128,NA
"8967",2003-07-26,8.34979584001391,NA
"8968",2003-07-27,8.2917665748304,NA
"8969",2003-07-28,7.95833535882761,NA
"8970",2003-07-29,7.31739529400902,NA
"8971",2003-07-30,7.14739821237264,NA
"8972",2003-07-31,6.96715576372619,NA
"8973",2003-08-01,7.22232959109512,NA
"8974",2003-08-02,7.26454161449418,NA
"8975",2003-08-03,7.7714079301385,NA
"8976",2003-08-04,8.43069531353223,NA
"8977",2003-08-05,8.94422180924772,NA
"8978",2003-08-06,9.30631547338619,NA
"8979",2003-08-07,9.648910599676,NA
"8980",2003-08-08,9.7285045750511,NA
"8981",2003-08-09,9.1032152553792,NA
"8982",2003-08-10,8.69532732353988,NA
"8983",2003-08-11,8.19080081316571,NA
"8984",2003-08-12,8.68818268506311,NA
"8985",2003-08-13,8.95126894901493,NA
"8986",2003-08-14,8.40829809238888,NA
"8987",2003-08-15,7.90449836420548,NA
"8988",2003-08-16,8.23718575662706,NA
"8989",2003-08-17,8.25498855634422,NA
"8990",2003-08-18,7.76307569168125,NA
"8991",2003-08-19,6.73265769813201,NA
"8992",2003-08-20,6.3335312006439,NA
"8993",2003-08-21,6.60749239918703,NA
"8994",2003-08-22,7.21847713159824,NA
"8995",2003-08-23,7.84217667360202,NA
"8996",2003-08-24,8.03876752682945,NA
"8997",2003-08-25,8.20834380068085,NA
"8998",2003-08-26,8.51347601772751,NA
"8999",2003-08-27,8.76120650665499,NA
"9000",2003-08-28,9.10845421098977,NA
"9001",2003-08-29,9.41391713003332,NA
"9002",2003-08-30,8.81355309596858,NA
"9003",2003-08-31,8.27905070961378,NA
"9004",2003-09-01,8.36209707740513,NA
"9005",2003-09-02,8.74850094678138,NA
"9006",2003-09-03,8.52750614391511,NA
"9007",2003-09-04,8.70035086842459,NA
"9008",2003-09-05,8.46325801867495,NA
"9009",2003-09-06,8.71466452696955,NA
"9010",2003-09-07,8.98056350649176,NA
"9011",2003-09-08,9.45761781694625,NA
"9012",2003-09-09,9.87397685249793,NA
"9013",2003-09-10,10.3610580707108,NA
"9014",2003-09-11,10.466754955162,NA
"9015",2003-09-12,10.4182921765032,NA
"9016",2003-09-13,10.4450835580776,NA
"9017",2003-09-14,10.4060242016114,NA
"9018",2003-09-15,10.2719601779569,NA
"9019",2003-09-16,10.0870996933073,NA
"9020",2003-09-17,10.3050271364644,NA
"9021",2003-09-18,10.2523538717225,NA
"9022",2003-09-19,10.2384471101278,NA
"9023",2003-09-20,10.7656340526534,NA
"9024",2003-09-21,11.7013560704249,NA
"9025",2003-09-22,12.1541109357055,NA
"9026",2003-09-23,12.4773705937266,NA
"9027",2003-09-24,12.7258810659495,NA
"9028",2003-09-25,12.6760151994287,NA
"9029",2003-09-26,12.585520529641,NA
"9030",2003-09-27,11.4402124577841,NA
"9031",2003-09-28,10.8768697721326,NA
"9032",2003-09-29,9.92609380332363,NA
"9033",2003-09-30,9.37249152327058,NA
"9034",2003-10-01,8.72328262714113,NA
"9035",2003-10-02,8.4443907240022,NA
"9036",2003-10-03,8.51763454875336,NA
"9037",2003-10-04,9.48199665002678,NA
"9038",2003-10-05,9.86068527928454,NA
"9039",2003-10-06,10.285684628944,NA
"9040",2003-10-07,10.7972408711306,NA
"9041",2003-10-08,10.3755459425219,NA
"9042",2003-10-09,10.2800198211467,NA
"9043",2003-10-10,10.0230137904547,NA
"9044",2003-10-11,9.66310573185337,NA
"9045",2003-10-12,9.50826423201035,NA
"9046",2003-10-13,10.1936710959104,NA
"9047",2003-10-14,10.6627977464833,NA
"9048",2003-10-15,11.5214763090013,NA
"9049",2003-10-16,12.0500548912164,NA
"9050",2003-10-17,13.3877958153545,NA
"9051",2003-10-18,15.1341304548828,NA
"9052",2003-10-19,14.95777499238,NA
"9053",2003-10-20,15.0901773117507,NA
"9054",2003-10-21,14.1717146498457,NA
"9055",2003-10-22,13.8313715932045,NA
"9056",2003-10-23,13.698652285868,NA
"9057",2003-10-24,13.4270117197619,NA
"9058",2003-10-25,11.9538354671255,NA
"9059",2003-10-26,11.7842049999829,NA
"9060",2003-10-27,11.1170162087196,NA
"9061",2003-10-28,10.8552355434254,NA
"9062",2003-10-29,10.5922486031736,NA
"9063",2003-10-30,10.5987162002722,NA
"9064",2003-10-31,9.87756683535318,NA
"9065",2003-11-01,9.79451699171815,NA
"9066",2003-11-02,9.95595699245664,NA
"9067",2003-11-03,10.0175161369153,NA
"9068",2003-11-04,11.2949164745867,NA
"9069",2003-11-05,12.9778996177519,NA
"9070",2003-11-06,13.602979573639,NA
"9071",2003-11-07,14.1742413288361,NA
"9072",2003-11-08,14.7156395057833,NA
"9073",2003-11-09,15.2250107495857,NA
"9074",2003-11-10,15.7893535116527,NA
"9075",2003-11-11,15.6650544852324,NA
"9076",2003-11-12,14.5991429433578,NA
"9077",2003-11-13,14.7937050021078,NA
"9078",2003-11-14,16.1542956403317,NA
"9079",2003-11-15,17.2520154882113,NA
"9080",2003-11-16,17.0110875301364,NA
"9081",2003-11-17,17.4149764970272,NA
"9082",2003-11-18,17.8075120467211,NA
"9083",2003-11-19,19.4257152711454,NA
"9084",2003-11-20,19.5329540939184,NA
"9085",2003-11-21,18.420620802572,NA
"9086",2003-11-22,17.0679120231906,NA
"9087",2003-11-23,17.321196739748,NA
"9088",2003-11-24,16.7698983081943,NA
"9089",2003-11-25,16.2969343076909,NA
"9090",2003-11-26,14.9141172453323,NA
"9091",2003-11-27,15.112810252348,NA
"9092",2003-11-28,16.4368171255024,NA
"9093",2003-11-29,18.2224736167769,NA
"9094",2003-11-30,18.8999362081449,NA
"9095",2003-12-01,19.0637064404993,NA
"9096",2003-12-02,19.8104784162561,NA
"9097",2003-12-03,20.1334704234959,NA
"9098",2003-12-04,19.9041461470583,NA
"9099",2003-12-05,18.7789433053648,NA
"9100",2003-12-06,17.7299311322881,NA
"9101",2003-12-07,18.1039898761944,NA
"9102",2003-12-08,19.2138497520524,NA
"9103",2003-12-09,19.8341281599889,NA
"9104",2003-12-10,19.849376235061,NA
"9105",2003-12-11,19.9166006203002,NA
"9106",2003-12-12,20.2844440245284,NA
"9107",2003-12-13,20.1114855824949,NA
"9108",2003-12-14,19.8078942915628,NA
"9109",2003-12-15,19.8899289583832,NA
"9110",2003-12-16,19.8171855457658,NA
"9111",2003-12-17,20.5404538391714,NA
"9112",2003-12-18,20.7056638741622,NA
"9113",2003-12-19,21.1789101654835,NA
"9114",2003-12-20,21.3179524923043,NA
"9115",2003-12-21,21.3316258438892,NA
"9116",2003-12-22,20.5221681832921,NA
"9117",2003-12-23,19.4540041287821,NA
"9118",2003-12-24,19.0953388476319,NA
"9119",2003-12-25,19.2980119812778,NA
"9120",2003-12-26,18.6988145750656,NA
"9121",2003-12-27,18.5896311808574,NA
"9122",2003-12-28,18.7256085292459,NA
"9123",2003-12-29,19.9244318933364,NA
"9124",2003-12-30,20.8173255412672,NA
"9125",2003-12-31,20.7710220091719,NA
"9126",2004-01-01,20.8734577785665,NA
"9127",2004-01-02,21.5345849265361,NA
"9128",2004-01-03,22.2256195230748,NA
"9129",2004-01-04,21.974393637013,NA
"9130",2004-01-05,21.253794571347,NA
"9131",2004-01-06,20.4014410567957,NA
"9132",2004-01-07,19.4266629867688,NA
"9133",2004-01-08,18.3673515959053,NA
"9134",2004-01-09,17.4447514580129,NA
"9135",2004-01-10,16.5746849860901,NA
"9136",2004-01-11,16.466189861276,NA
"9137",2004-01-12,16.4402587707157,NA
"9138",2004-01-13,16.8813886547551,NA
"9139",2004-01-14,17.046849841077,NA
"9140",2004-01-15,17.7538709635311,NA
"9141",2004-01-16,18.252598973386,NA
"9142",2004-01-17,17.5061930984069,NA
"9143",2004-01-18,17.2204370811601,NA
"9144",2004-01-19,17.9948569702574,NA
"9145",2004-01-20,18.5758232980777,NA
"9146",2004-01-21,19.3319526732782,NA
"9147",2004-01-22,19.1971683856892,NA
"9148",2004-01-23,18.783424114938,NA
"9149",2004-01-24,19.2646682247215,NA
"9150",2004-01-25,19.7300740795329,NA
"9151",2004-01-26,19.4560238766263,NA
"9152",2004-01-27,18.8016193800118,NA
"9153",2004-01-28,18.1845920882189,NA
"9154",2004-01-29,17.8364675507807,NA
"9155",2004-01-30,17.774896499322,NA
"9156",2004-01-31,17.7578316796943,NA
"9157",2004-02-01,17.6607451175368,NA
"9158",2004-02-02,16.9856567056157,NA
"9159",2004-02-03,16.4828143312615,NA
"9160",2004-02-04,16.8814846787091,NA
"9161",2004-02-05,18.2050719524872,NA
"9162",2004-02-06,18.8723086202821,NA
"9163",2004-02-07,19.3863292744567,NA
"9164",2004-02-08,20.2785871685708,NA
"9165",2004-02-09,20.5437897799776,NA
"9166",2004-02-10,20.9447847947672,NA
"9167",2004-02-11,20.6979386906405,NA
"9168",2004-02-12,20.6483648593523,NA
"9169",2004-02-13,20.5239660119208,NA
"9170",2004-02-14,21.576874443826,NA
"9171",2004-02-15,21.4418408646261,NA
"9172",2004-02-16,21.4407209465671,NA
"9173",2004-02-17,21.5248929311819,NA
"9174",2004-02-18,21.6975560420748,NA
"9175",2004-02-19,21.3540292512041,NA
"9176",2004-02-20,21.8037865879101,NA
"9177",2004-02-21,20.2603471547971,NA
"9178",2004-02-22,19.4686601589241,NA
"9179",2004-02-23,19.1453726008643,NA
"9180",2004-02-24,19.0288162424284,NA
"9181",2004-02-25,19.3934845913073,NA
"9182",2004-02-26,19.7112885232041,NA
"9183",2004-02-27,18.833483897703,NA
"9184",2004-02-28,19.3242621360702,NA
"9185",2004-02-29,19.1724313658914,NA
"9186",2004-03-01,19.2035162978621,NA
"9187",2004-03-02,19.5548257427047,NA
"9188",2004-03-03,19.8474221326112,NA
"9189",2004-03-04,20.0353963005685,NA
"9190",2004-03-05,20.105608073488,NA
"9191",2004-03-06,20.100433186202,NA
"9192",2004-03-07,20.0736436733687,NA
"9193",2004-03-08,20.5348083142171,NA
"9194",2004-03-09,19.8355856211395,NA
"9195",2004-03-10,18.5937363075768,NA
"9196",2004-03-11,17.6306575069734,NA
"9197",2004-03-12,17.1171950766088,NA
"9198",2004-03-13,16.5768510106901,NA
"9199",2004-03-14,16.8850817196792,NA
"9200",2004-03-15,16.5952860132858,NA
"9201",2004-03-16,16.682208232356,NA
"9202",2004-03-17,16.7660851435838,NA
"9203",2004-03-18,16.6085393845151,NA
"9204",2004-03-19,16.949472585502,NA
"9205",2004-03-20,16.8422207576133,NA
"9206",2004-03-21,16.55099452246,NA
"9207",2004-03-22,16.24496362981,NA
"9208",2004-03-23,16.1522972771047,NA
"9209",2004-03-24,16.9452554971525,NA
"9210",2004-03-25,17.4963053190506,NA
"9211",2004-03-26,17.3599114923905,NA
"9212",2004-03-27,17.6560855062927,NA
"9213",2004-03-28,18.6663370297183,NA
"9214",2004-03-29,18.6875104545228,NA
"9215",2004-03-30,18.705032257703,NA
"9216",2004-03-31,17.906153456601,NA
"9217",2004-04-01,17.2211874533612,NA
"9218",2004-04-02,16.8150885682242,NA
"9219",2004-04-03,16.4682332007537,NA
"9220",2004-04-04,15.5007147185499,NA
"9221",2004-04-05,16.3501461652291,NA
"9222",2004-04-06,16.5305349760966,NA
"9223",2004-04-07,16.4953759723641,NA
"9224",2004-04-08,16.5253740947141,NA
"9225",2004-04-09,16.4473270941566,NA
"9226",2004-04-10,17.0277112587568,NA
"9227",2004-04-11,17.2853861555737,NA
"9228",2004-04-12,16.3171302366752,NA
"9229",2004-04-13,16.9426648136245,NA
"9230",2004-04-14,18.5095506015212,NA
"9231",2004-04-15,19.1015718558415,NA
"9232",2004-04-16,19.1889833150359,NA
"9233",2004-04-17,18.4550058715197,NA
"9234",2004-04-18,17.7044760461882,NA
"9235",2004-04-19,17.1278505135313,NA
"9236",2004-04-20,16.2144151613151,NA
"9237",2004-04-21,15.0187664311825,NA
"9238",2004-04-22,14.9389180653955,NA
"9239",2004-04-23,14.2493388624201,NA
"9240",2004-04-24,13.8206627760981,NA
"9241",2004-04-25,13.7555568006929,NA
"9242",2004-04-26,13.9985608577528,NA
"9243",2004-04-27,13.4557226114143,NA
"9244",2004-04-28,12.9828302480539,NA
"9245",2004-04-29,12.1495684033737,NA
"9246",2004-04-30,12.3697439419487,NA
"9247",2004-05-01,11.7665696386178,NA
"9248",2004-05-02,11.4948790492484,NA
"9249",2004-05-03,11.5748755913776,NA
"9250",2004-05-04,11.2911582070576,NA
"9251",2004-05-05,10.5695027428347,NA
"9252",2004-05-06,10.0010534017463,NA
"9253",2004-05-07,9.81147140926085,NA
"9254",2004-05-08,10.5050729233672,NA
"9255",2004-05-09,10.668837932667,NA
"9256",2004-05-10,10.1943297950402,NA
"9257",2004-05-11,10.3827710555941,NA
"9258",2004-05-12,10.3483335949763,NA
"9259",2004-05-13,10.2254073520844,NA
"9260",2004-05-14,10.5936745598462,NA
"9261",2004-05-15,10.8811746262484,NA
"9262",2004-05-16,10.9271022659584,NA
"9263",2004-05-17,11.6071746596347,NA
"9264",2004-05-18,11.3864192048055,NA
"9265",2004-05-19,11.8768561088873,NA
"9266",2004-05-20,12.4668433576945,NA
"9267",2004-05-21,12.206001298728,NA
"9268",2004-05-22,12.3148821900422,NA
"9269",2004-05-23,12.7993163031946,NA
"9270",2004-05-24,12.8330439769816,NA
"9271",2004-05-25,13.1207946606739,NA
"9272",2004-05-26,12.6385449552466,NA
"9273",2004-05-27,12.191053710065,NA
"9274",2004-05-28,11.7806749224308,NA
"9275",2004-05-29,10.9554199235682,NA
"9276",2004-05-30,10.4448964044078,NA
"9277",2004-05-31,9.92250370533689,NA
"9278",2004-06-01,9.77778441687555,NA
"9279",2004-06-02,9.82915724123098,NA
"9280",2004-06-03,9.41721437056532,NA
"9281",2004-06-04,9.19665977725252,NA
"9282",2004-06-05,8.96937015668388,NA
"9283",2004-06-06,8.66958956267658,NA
"9284",2004-06-07,8.8246804448039,NA
"9285",2004-06-08,9.36618803536039,NA
"9286",2004-06-09,9.68093075723713,NA
"9287",2004-06-10,9.83144672560383,NA
"9288",2004-06-11,9.83395995414125,NA
"9289",2004-06-12,10.2766845470191,NA
"9290",2004-06-13,10.5788408622233,NA
"9291",2004-06-14,10.106081484745,NA
"9292",2004-06-15,9.3316657815532,NA
"9293",2004-06-16,8.63763209924984,NA
"9294",2004-06-17,8.52766949862777,NA
"9295",2004-06-18,8.89755076649744,NA
"9296",2004-06-19,8.38109566674359,NA
"9297",2004-06-20,8.27558297943812,NA
"9298",2004-06-21,8.58090053580231,NA
"9299",2004-06-22,8.68211310555749,NA
"9300",2004-06-23,8.99583219081961,NA
"9301",2004-06-24,9.29206637753127,NA
"9302",2004-06-25,9.00994739257848,NA
"9303",2004-06-26,9.49741825605285,NA
"9304",2004-06-27,9.24082147988681,NA
"9305",2004-06-28,9.25474929479306,NA
"9306",2004-06-29,9.48350832329075,NA
"9307",2004-06-30,9.08350140635425,NA
"9308",2004-07-01,8.86463816581206,NA
"9309",2004-07-02,9.22788485442923,NA
"9310",2004-07-03,9.45381989267842,NA
"9311",2004-07-04,9.72474018941448,NA
"9312",2004-07-05,9.18109572317449,NA
"9313",2004-07-06,8.73076930852209,NA
"9314",2004-07-07,8.732387345517,NA
"9315",2004-07-08,8.62757468407294,NA
"9316",2004-07-09,8.52856370086926,NA
"9317",2004-07-10,8.36233273010549,NA
"9318",2004-07-11,8.34588046266125,NA
"9319",2004-07-12,8.68254633477948,NA
"9320",2004-07-13,8.59795767524868,NA
"9321",2004-07-14,8.87897528336864,NA
"9322",2004-07-15,8.88741625663229,NA
"9323",2004-07-16,8.6073079002805,NA
"9324",2004-07-17,7.95686249899551,NA
"9325",2004-07-18,7.36946342850733,NA
"9326",2004-07-19,7.05118818596472,NA
"9327",2004-07-20,7.09698384363933,NA
"9328",2004-07-21,6.80934262295014,NA
"9329",2004-07-22,6.68612738250836,NA
"9330",2004-07-23,6.70993167412419,NA
"9331",2004-07-24,7.3780617481009,NA
"9332",2004-07-25,7.81406315216319,NA
"9333",2004-07-26,7.69243443458989,NA
"9334",2004-07-27,7.86780164417399,NA
"9335",2004-07-28,8.11647043490939,NA
"9336",2004-07-29,8.29589363605603,NA
"9337",2004-07-30,8.31491057487525,NA
"9338",2004-07-31,7.98477569187819,NA
"9339",2004-08-01,8.11596489102872,NA
"9340",2004-08-02,8.46397431690931,NA
"9341",2004-08-03,8.22851057605893,NA
"9342",2004-08-04,8.02147537226878,NA
"9343",2004-08-05,8.04112606449234,NA
"9344",2004-08-06,7.97279191700695,NA
"9345",2004-08-07,8.0481025589745,NA
"9346",2004-08-08,7.88861154255023,NA
"9347",2004-08-09,7.78581402079845,NA
"9348",2004-08-10,8.16172873192148,NA
"9349",2004-08-11,8.64893089326756,NA
"9350",2004-08-12,9.07341209615774,NA
"9351",2004-08-13,9.40304014231529,NA
"9352",2004-08-14,8.99943036238786,NA
"9353",2004-08-15,8.45602576290209,NA
"9354",2004-08-16,8.30189138955796,NA
"9355",2004-08-17,8.08422715300181,NA
"9356",2004-08-18,7.74469038083308,NA
"9357",2004-08-19,7.39526087136236,NA
"9358",2004-08-20,7.7612293513572,NA
"9359",2004-08-21,8.72895235788539,NA
"9360",2004-08-22,9.62184388688305,NA
"9361",2004-08-23,10.2672900125882,NA
"9362",2004-08-24,11.0479656424053,NA
"9363",2004-08-25,12.1463201077335,NA
"9364",2004-08-26,12.6935473457693,NA
"9365",2004-08-27,12.4574736416665,NA
"9366",2004-08-28,12.6527575009706,NA
"9367",2004-08-29,12.7999020906746,NA
"9368",2004-08-30,12.6965607415798,NA
"9369",2004-08-31,11.8150555114931,NA
"9370",2004-09-01,10.8614909166676,NA
"9371",2004-09-02,10.352363771209,NA
"9372",2004-09-03,10.0967337459952,NA
"9373",2004-09-04,9.41010876466224,NA
"9374",2004-09-05,9.00882210415333,NA
"9375",2004-09-06,9.21591549707053,NA
"9376",2004-09-07,9.74514042906838,NA
"9377",2004-09-08,10.2074316071665,NA
"9378",2004-09-09,10.5634710266835,NA
"9379",2004-09-10,11.0119098222428,NA
"9380",2004-09-11,10.4496722799942,NA
"9381",2004-09-12,10.3548510689779,NA
"9382",2004-09-13,10.2094455393265,NA
"9383",2004-09-14,10.1589369177699,NA
"9384",2004-09-15,9.85234130078334,NA
"9385",2004-09-16,9.62009011728334,NA
"9386",2004-09-17,9.5572586360135,NA
"9387",2004-09-18,10.4755973936066,NA
"9388",2004-09-19,10.7382693852046,NA
"9389",2004-09-20,11.203036584761,NA
"9390",2004-09-21,12.1585037003423,NA
"9391",2004-09-22,12.999586401963,NA
"9392",2004-09-23,13.3079487063098,NA
"9393",2004-09-24,13.6166529619687,NA
"9394",2004-09-25,13.9446806160969,NA
"9395",2004-09-26,14.9773523700797,NA
"9396",2004-09-27,14.6334553281236,NA
"9397",2004-09-28,14.2244567145726,NA
"9398",2004-09-29,13.739091968323,NA
"9399",2004-09-30,13.6355046414144,NA
"9400",2004-10-01,13.6411974395738,NA
"9401",2004-10-02,13.7709946183321,NA
"9402",2004-10-03,13.0559460263692,NA
"9403",2004-10-04,13.3185331735771,NA
"9404",2004-10-05,13.2319930216358,NA
"9405",2004-10-06,13.8255237994748,NA
"9406",2004-10-07,13.8789387575481,NA
"9407",2004-10-08,13.7823924788136,NA
"9408",2004-10-09,13.4187661158516,NA
"9409",2004-10-10,14.1331934691573,NA
"9410",2004-10-11,15.0657880203519,NA
"9411",2004-10-12,16.6381028711723,NA
"9412",2004-10-13,16.4010496568159,NA
"9413",2004-10-14,16.2931704370532,NA
"9414",2004-10-15,15.7181346381395,NA
"9415",2004-10-16,15.5196661183219,NA
"9416",2004-10-17,14.6777236112488,NA
"9417",2004-10-18,13.6620514802417,NA
"9418",2004-10-19,12.2882500615442,NA
"9419",2004-10-20,12.8029331590613,NA
"9420",2004-10-21,13.9317657004126,NA
"9421",2004-10-22,15.3068404350031,NA
"9422",2004-10-23,15.7701644592392,NA
"9423",2004-10-24,15.703859408283,NA
"9424",2004-10-25,16.032027417224,NA
"9425",2004-10-26,16.3763378429328,NA
"9426",2004-10-27,15.2985160350214,NA
"9427",2004-10-28,14.2279187201575,NA
"9428",2004-10-29,13.3435420897628,NA
"9429",2004-10-30,13.7810010483294,NA
"9430",2004-10-31,15.3222895205905,NA
"9431",2004-11-01,15.5433974729814,NA
"9432",2004-11-02,14.2816957278594,NA
"9433",2004-11-03,14.4313425759497,NA
"9434",2004-11-04,14.7306999159671,NA
"9435",2004-11-05,14.9832633000247,NA
"9436",2004-11-06,14.2054042146215,NA
"9437",2004-11-07,12.6301072102371,NA
"9438",2004-11-08,11.9423057629337,NA
"9439",2004-11-09,12.8506861731519,NA
"9440",2004-11-10,14.2445075380909,NA
"9441",2004-11-11,14.3642590061589,NA
"9442",2004-11-12,14.7106030869676,NA
"9443",2004-11-13,14.9701472620345,NA
"9444",2004-11-14,15.5581371757945,NA
"9445",2004-11-15,15.7439973851324,NA
"9446",2004-11-16,15.7954713965652,NA
"9447",2004-11-17,16.0244335268442,NA
"9448",2004-11-18,16.7131772088055,NA
"9449",2004-11-19,16.2080243497312,NA
"9450",2004-11-20,16.050577381029,NA
"9451",2004-11-21,15.7774250961859,NA
"9452",2004-11-22,15.6370712999066,NA
"9453",2004-11-23,15.4711241528429,NA
"9454",2004-11-24,14.8212521348311,NA
"9455",2004-11-25,15.358331858128,NA
"9456",2004-11-26,17.303214591206,NA
"9457",2004-11-27,18.9481934158626,NA
"9458",2004-11-28,19.6033521763318,NA
"9459",2004-11-29,20.7595070339582,NA
"9460",2004-11-30,21.3826684469472,NA
"9461",2004-12-01,21.0528726553553,NA
"9462",2004-12-02,20.1441615676998,NA
"9463",2004-12-03,19.0301163879898,NA
"9464",2004-12-04,18.2290295235653,NA
"9465",2004-12-05,18.4244340271062,NA
"9466",2004-12-06,18.069909059805,NA
"9467",2004-12-07,17.8435573527375,NA
"9468",2004-12-08,18.7461473067851,NA
"9469",2004-12-09,19.745626775618,NA
"9470",2004-12-10,20.2168704786018,NA
"9471",2004-12-11,20.3872015360067,NA
"9472",2004-12-12,20.3404713961781,NA
"9473",2004-12-13,19.8474054501622,NA
"9474",2004-12-14,19.2889379567186,NA
"9475",2004-12-15,18.6087479151627,NA
"9476",2004-12-16,18.1587902835686,NA
"9477",2004-12-17,18.2227667780333,NA
"9478",2004-12-18,18.9319768242161,NA
"9479",2004-12-19,18.3939238837464,NA
"9480",2004-12-20,18.1949493139215,NA
"9481",2004-12-21,18.6199000231728,NA
"9482",2004-12-22,19.3414031930855,NA
"9483",2004-12-23,20.3561255310857,NA
"9484",2004-12-24,19.7757177844335,NA
"9485",2004-12-25,18.5532957620712,NA
"9486",2004-12-26,18.7561856350104,NA
"9487",2004-12-27,18.2699835180901,NA
"9488",2004-12-28,17.6094387513401,NA
"9489",2004-12-29,16.8694422739826,NA
"9490",2004-12-30,15.9950868438963,NA
"9491",2004-12-31,17.2539076969333,NA
"9492",2005-01-01,17.22863567383,NA
"9493",2005-01-02,16.8026337585871,NA
"9494",2005-01-03,18.1337242385108,NA
"9495",2005-01-04,18.7645482603342,NA
"9496",2005-01-05,18.815755703949,NA
"9497",2005-01-06,17.8563739585345,NA
"9498",2005-01-07,16.516539203518,NA
"9499",2005-01-08,16.7576437909798,NA
"9500",2005-01-09,17.564831715294,NA
"9501",2005-01-10,18.0981220201368,NA
"9502",2005-01-11,19.249517657962,NA
"9503",2005-01-12,19.8312075502011,NA
"9504",2005-01-13,20.8796812658229,NA
"9505",2005-01-14,21.4483312239577,NA
"9506",2005-01-15,21.5143107052025,NA
"9507",2005-01-16,21.1320716394099,NA
"9508",2005-01-17,20.4533405295695,NA
"9509",2005-01-18,19.8077074833084,NA
"9510",2005-01-19,20.1531599166384,NA
"9511",2005-01-20,19.6103063606551,NA
"9512",2005-01-21,19.250594472111,NA
"9513",2005-01-22,19.2364279050666,NA
"9514",2005-01-23,19.6691898391351,NA
"9515",2005-01-24,20.254124544768,NA
"9516",2005-01-25,20.888076565912,NA
"9517",2005-01-26,21.0264172400502,NA
"9518",2005-01-27,21.5972733027542,NA
"9519",2005-01-28,22.0613747600679,NA
"9520",2005-01-29,21.9996735824937,NA
"9521",2005-01-30,21.9385759717231,NA
"9522",2005-01-31,21.9169077188057,NA
"9523",2005-02-01,21.2229942390537,NA
"9524",2005-02-02,19.7638763671581,NA
"9525",2005-02-03,18.3638067351947,NA
"9526",2005-02-04,17.0750787427007,NA
"9527",2005-02-05,17.0259234334406,NA
"9528",2005-02-06,16.965689999113,NA
"9529",2005-02-07,17.0107135188513,NA
"9530",2005-02-08,16.615063594816,NA
"9531",2005-02-09,17.3979545590214,NA
"9532",2005-02-10,17.6080348509213,NA
"9533",2005-02-11,18.0142882901974,NA
"9534",2005-02-12,17.8509677191463,NA
"9535",2005-02-13,17.6929313572405,NA
"9536",2005-02-14,17.9094547836324,NA
"9537",2005-02-15,17.6483736505478,NA
"9538",2005-02-16,17.4430333743382,NA
"9539",2005-02-17,17.777107940186,NA
"9540",2005-02-18,18.2928351200714,NA
"9541",2005-02-19,18.5479460294141,NA
"9542",2005-02-20,18.625994573006,NA
"9543",2005-02-21,18.1261507014942,NA
"9544",2005-02-22,19.0358324910616,NA
"9545",2005-02-23,20.2945870399618,NA
"9546",2005-02-24,20.6656183711226,NA
"9547",2005-02-25,20.0636930936299,NA
"9548",2005-02-26,19.9222897932862,NA
"9549",2005-02-27,19.9098382567024,NA
"9550",2005-02-28,20.3589809992331,NA
"9551",2005-03-01,20.4419433036303,NA
"9552",2005-03-02,19.0720769954429,NA
"9553",2005-03-03,18.5228429530153,NA
"9554",2005-03-04,18.761498266782,NA
"9555",2005-03-05,18.1940960950685,NA
"9556",2005-03-06,17.6722247210303,NA
"9557",2005-03-07,16.3708562787905,NA
"9558",2005-03-08,15.3830096007214,NA
"9559",2005-03-09,15.7082996719715,NA
"9560",2005-03-10,15.5792679554224,NA
"9561",2005-03-11,16.303263398004,NA
"9562",2005-03-12,18.1056754531407,NA
"9563",2005-03-13,19.3496158200384,NA
"9564",2005-03-14,20.32389564532,NA
"9565",2005-03-15,20.5809625416307,NA
"9566",2005-03-16,20.3077992506911,NA
"9567",2005-03-17,20.0949522085998,NA
"9568",2005-03-18,19.3679821265999,NA
"9569",2005-03-19,18.7042727943268,NA
"9570",2005-03-20,18.2069427981949,NA
"9571",2005-03-21,17.1422459992385,NA
"9572",2005-03-22,16.8743742982825,NA
"9573",2005-03-23,17.1919896906527,NA
"9574",2005-03-24,17.2447278987041,NA
"9575",2005-03-25,16.5025338101772,NA
"9576",2005-03-26,15.8396209480608,NA
"9577",2005-03-27,15.4475821875277,NA
"9578",2005-03-28,15.0169477954282,NA
"9579",2005-03-29,15.2219543697372,NA
"9580",2005-03-30,15.627867773009,NA
"9581",2005-03-31,16.430464947996,NA
"9582",2005-04-01,17.9635872537238,NA
"9583",2005-04-02,19.3073351979826,NA
"9584",2005-04-03,19.0336373122363,NA
"9585",2005-04-04,18.8815140786659,NA
"9586",2005-04-05,18.733007624773,NA
"9587",2005-04-06,18.5115529617278,NA
"9588",2005-04-07,18.2882523793321,NA
"9589",2005-04-08,18.3386560599575,NA
"9590",2005-04-09,18.290303137256,NA
"9591",2005-04-10,18.9773071397833,NA
"9592",2005-04-11,19.2240945558737,NA
"9593",2005-04-12,19.1876140134327,NA
"9594",2005-04-13,19.6218664984439,NA
"9595",2005-04-14,18.8288051909851,NA
"9596",2005-04-15,17.8785978743618,NA
"9597",2005-04-16,16.5507903098864,NA
"9598",2005-04-17,16.1666172408128,NA
"9599",2005-04-18,16.0627207323892,NA
"9600",2005-04-19,15.4357941865503,NA
"9601",2005-04-20,14.339416719287,NA
"9602",2005-04-21,15.000252510018,NA
"9603",2005-04-22,15.4327433356835,NA
"9604",2005-04-23,15.9436845113313,NA
"9605",2005-04-24,16.1932764891542,NA
"9606",2005-04-25,16.4806621671773,NA
"9607",2005-04-26,16.7914884626968,NA
"9608",2005-04-27,17.3217461182642,NA
"9609",2005-04-28,17.8296679780321,NA
"9610",2005-04-29,16.9673544633022,NA
"9611",2005-04-30,16.3986273175262,NA
"9612",2005-05-01,14.9765627019322,NA
"9613",2005-05-02,14.508494183984,NA
"9614",2005-05-03,14.6993566945256,NA
"9615",2005-05-04,14.575831662611,NA
"9616",2005-05-05,13.6667890791256,NA
"9617",2005-05-06,13.7184681809969,NA
"9618",2005-05-07,13.1601053589278,NA
"9619",2005-05-08,13.288249289901,NA
"9620",2005-05-09,12.922254739963,NA
"9621",2005-05-10,12.240094016289,NA
"9622",2005-05-11,11.7368788182959,NA
"9623",2005-05-12,11.3978695001413,NA
"9624",2005-05-13,11.2122285859546,NA
"9625",2005-05-14,11.6496913864562,NA
"9626",2005-05-15,12.1564620522842,NA
"9627",2005-05-16,12.3589325855346,NA
"9628",2005-05-17,12.5001892869991,NA
"9629",2005-05-18,12.1050502936611,NA
"9630",2005-05-19,11.6916840872397,NA
"9631",2005-05-20,11.9327017532717,NA
"9632",2005-05-21,11.6904296829584,NA
"9633",2005-05-22,11.4901494498305,NA
"9634",2005-05-23,12.0116643100561,NA
"9635",2005-05-24,12.3901946184175,NA
"9636",2005-05-25,12.2727049166564,NA
"9637",2005-05-26,12.5886920720602,NA
"9638",2005-05-27,12.2294488692047,NA
"9639",2005-05-28,11.8173805057336,NA
"9640",2005-05-29,11.1682750056261,NA
"9641",2005-05-30,10.631818401754,NA
"9642",2005-05-31,9.91174098511252,NA
"9643",2005-06-01,9.88566759122128,NA
"9644",2005-06-02,9.61743391176988,NA
"9645",2005-06-03,9.61963301587857,NA
"9646",2005-06-04,9.74237777560589,NA
"9647",2005-06-05,10.0717848377404,NA
"9648",2005-06-06,10.1997016952161,NA
"9649",2005-06-07,10.772177630306,NA
"9650",2005-06-08,11.7095918582724,NA
"9651",2005-06-09,12.3090143962826,NA
"9652",2005-06-10,13.0878669732288,NA
"9653",2005-06-11,13.3339705937103,NA
"9654",2005-06-12,13.5429085938855,NA
"9655",2005-06-13,13.2332488046993,NA
"9656",2005-06-14,12.6173547060823,NA
"9657",2005-06-15,11.4895343232157,NA
"9658",2005-06-16,10.8510190459557,NA
"9659",2005-06-17,10.0427916865429,NA
"9660",2005-06-18,9.70103211545098,NA
"9661",2005-06-19,9.41766024912817,NA
"9662",2005-06-20,9.44699223860686,NA
"9663",2005-06-21,9.24472575708738,NA
"9664",2005-06-22,9.21814327308902,NA
"9665",2005-06-23,9.26740749164824,NA
"9666",2005-06-24,9.16674568009456,NA
"9667",2005-06-25,9.1512131524445,NA
"9668",2005-06-26,8.94328812532218,NA
"9669",2005-06-27,8.78210808498445,NA
"9670",2005-06-28,8.79351968847451,NA
"9671",2005-06-29,9.01947244633492,NA
"9672",2005-06-30,9.29784438694632,NA
"9673",2005-07-01,9.55190717730124,NA
"9674",2005-07-02,9.60746088449086,NA
"9675",2005-07-03,9.91240645506332,NA
"9676",2005-07-04,9.80055110629465,NA
"9677",2005-07-05,10.2177355067781,NA
"9678",2005-07-06,10.387595209438,NA
"9679",2005-07-07,10.0425793801781,NA
"9680",2005-07-08,9.7399890126164,NA
"9681",2005-07-09,9.31818731858438,NA
"9682",2005-07-10,9.00567507753039,NA
"9683",2005-07-11,8.83458717001667,NA
"9684",2005-07-12,8.32025490175454,NA
"9685",2005-07-13,8.07161959467083,NA
"9686",2005-07-14,7.94750098002198,NA
"9687",2005-07-15,7.84835024451553,NA
"9688",2005-07-16,7.74635297752812,NA
"9689",2005-07-17,7.34560908886613,NA
"9690",2005-07-18,7.32634226337965,NA
"9691",2005-07-19,7.57831083291133,NA
"9692",2005-07-20,7.38114300698609,NA
"9693",2005-07-21,7.46296334503657,NA
"9694",2005-07-22,7.90124890902944,NA
"9695",2005-07-23,8.49470665068784,NA
"9696",2005-07-24,9.31289311853224,NA
"9697",2005-07-25,10.049629008422,NA
"9698",2005-07-26,10.2464683854965,NA
"9699",2005-07-27,10.834260924205,NA
"9700",2005-07-28,11.2838499524919,NA
"9701",2005-07-29,11.1419415875388,NA
"9702",2005-07-30,11.1312028135085,NA
"9703",2005-07-31,10.7921104586028,NA
"9704",2005-08-01,10.3476973285674,NA
"9705",2005-08-02,10.4541862076577,NA
"9706",2005-08-03,10.4593483214627,NA
"9707",2005-08-04,9.56917511680222,NA
"9708",2005-08-05,9.24659531820359,NA
"9709",2005-08-06,9.08728346729734,NA
"9710",2005-08-07,8.93393717818743,NA
"9711",2005-08-08,8.96048656665484,NA
"9712",2005-08-09,8.41691079723886,NA
"9713",2005-08-10,7.23440850465318,NA
"9714",2005-08-11,7.17293355962662,NA
"9715",2005-08-12,7.19132042068655,NA
"9716",2005-08-13,7.25748588575506,NA
"9717",2005-08-14,7.49579726205813,NA
"9718",2005-08-15,7.04438451286684,NA
"9719",2005-08-16,7.23939490584709,NA
"9720",2005-08-17,8.39048800511218,NA
"9721",2005-08-18,9.73659325955308,NA
"9722",2005-08-19,10.2550154648154,NA
"9723",2005-08-20,10.4798608418617,NA
"9724",2005-08-21,10.4371634263187,NA
"9725",2005-08-22,10.6924411931282,NA
"9726",2005-08-23,10.6997732445062,NA
"9727",2005-08-24,10.3272527662822,NA
"9728",2005-08-25,9.78240511789383,NA
"9729",2005-08-26,9.40635724760205,NA
"9730",2005-08-27,9.58905769885081,NA
"9731",2005-08-28,10.3034256552975,NA
"9732",2005-08-29,11.4683917526212,NA
"9733",2005-08-30,11.9819080332413,NA
"9734",2005-08-31,11.5166469719406,NA
"9735",2005-09-01,11.069070268787,NA
"9736",2005-09-02,11.2500570483026,NA
"9737",2005-09-03,10.8703140465806,NA
"9738",2005-09-04,10.1778737905172,NA
"9739",2005-09-05,9.26693008541627,NA
"9740",2005-09-06,9.26020600035854,NA
"9741",2005-09-07,10.7022182109351,NA
"9742",2005-09-08,12.2616303347178,NA
"9743",2005-09-09,13.5377524567652,NA
"9744",2005-09-10,13.808011592302,NA
"9745",2005-09-11,13.5599615778418,NA
"9746",2005-09-12,13.329623534041,NA
"9747",2005-09-13,12.9373664516584,NA
"9748",2005-09-14,12.2213229978866,NA
"9749",2005-09-15,10.7396234783914,NA
"9750",2005-09-16,9.13981992769966,NA
"9751",2005-09-17,8.52518911993397,NA
"9752",2005-09-18,9.02380670919389,NA
"9753",2005-09-19,9.49459833402918,NA
"9754",2005-09-20,9.70855680605806,NA
"9755",2005-09-21,10.2934233426784,NA
"9756",2005-09-22,11.381774618671,NA
"9757",2005-09-23,12.5274824968984,NA
"9758",2005-09-24,13.0971304870804,NA
"9759",2005-09-25,13.3910066760412,NA
"9760",2005-09-26,13.3280428162743,NA
"9761",2005-09-27,13.6808540499018,NA
"9762",2005-09-28,13.4798080549573,NA
"9763",2005-09-29,12.880896018826,NA
"9764",2005-09-30,12.549844686481,NA
"9765",2005-10-01,13.2590435118689,NA
"9766",2005-10-02,13.7051095466984,NA
"9767",2005-10-03,13.8872548847449,NA
"9768",2005-10-04,14.1488418663331,NA
"9769",2005-10-05,14.0828282606551,NA
"9770",2005-10-06,13.9973688376594,NA
"9771",2005-10-07,13.4119876288877,NA
"9772",2005-10-08,12.5504770446357,NA
"9773",2005-10-09,11.8023059413263,NA
"9774",2005-10-10,12.0627104041827,NA
"9775",2005-10-11,11.3076883095081,NA
"9776",2005-10-12,11.2708354824783,NA
"9777",2005-10-13,11.7277797170593,NA
"9778",2005-10-14,11.9641198932881,NA
"9779",2005-10-15,12.4061613033958,NA
"9780",2005-10-16,12.9348645692954,NA
"9781",2005-10-17,13.2479406176532,NA
"9782",2005-10-18,14.3908221761449,NA
"9783",2005-10-19,14.9984951207853,NA
"9784",2005-10-20,15.4561677807481,NA
"9785",2005-10-21,16.1437861923947,NA
"9786",2005-10-22,16.4704159548235,NA
"9787",2005-10-23,16.8057566517892,NA
"9788",2005-10-24,16.7303570608374,NA
"9789",2005-10-25,16.4721507652017,NA
"9790",2005-10-26,16.2372620865199,NA
"9791",2005-10-27,15.7107862317418,NA
"9792",2005-10-28,16.2177034652849,NA
"9793",2005-10-29,16.3048598321599,NA
"9794",2005-10-30,16.0437572193165,NA
"9795",2005-10-31,16.7189577218853,NA
"9796",2005-11-01,17.7631350286118,NA
"9797",2005-11-02,19.1966384427187,NA
"9798",2005-11-03,19.4449693334689,NA
"9799",2005-11-04,18.9708566258874,NA
"9800",2005-11-05,19.2139198977091,NA
"9801",2005-11-06,19.9992076140855,NA
"9802",2005-11-07,19.7077622242667,NA
"9803",2005-11-08,19.1717246145949,NA
"9804",2005-11-09,18.4290241367677,NA
"9805",2005-11-10,17.8483608071569,NA
"9806",2005-11-11,17.6335107785396,NA
"9807",2005-11-12,17.0613010747184,NA
"9808",2005-11-13,15.9980492885715,NA
"9809",2005-11-14,16.1024963026895,NA
"9810",2005-11-15,15.0651263033816,NA
"9811",2005-11-16,14.3287282853197,NA
"9812",2005-11-17,15.7308274924806,NA
"9813",2005-11-18,16.6022574709685,NA
"9814",2005-11-19,16.7496802110553,NA
"9815",2005-11-20,16.6410222655965,NA
"9816",2005-11-21,16.5724476331259,NA
"9817",2005-11-22,16.9022023642447,NA
"9818",2005-11-23,17.34671765273,NA
"9819",2005-11-24,17.5268482893028,NA
"9820",2005-11-25,17.6973853093189,NA
"9821",2005-11-26,17.3210324278419,NA
"9822",2005-11-27,17.239464928919,NA
"9823",2005-11-28,16.9488371739162,NA
"9824",2005-11-29,17.5519311549972,NA
"9825",2005-11-30,17.7005787428076,NA
"9826",2005-12-01,18.2253416282636,NA
"9827",2005-12-02,17.3850502117255,NA
"9828",2005-12-03,17.6757161669281,NA
"9829",2005-12-04,18.2784870634292,NA
"9830",2005-12-05,18.8992296235518,NA
"9831",2005-12-06,18.5614048469121,NA
"9832",2005-12-07,18.3291388413359,NA
"9833",2005-12-08,17.0425641064128,NA
"9834",2005-12-09,17.416500910069,NA
"9835",2005-12-10,17.6166315000256,NA
"9836",2005-12-11,18.2870252137648,NA
"9837",2005-12-12,18.2735287194526,NA
"9838",2005-12-13,18.3223709592459,NA
"9839",2005-12-14,18.4291636278628,NA
"9840",2005-12-15,19.3120366120932,NA
"9841",2005-12-16,19.3702592056122,NA
"9842",2005-12-17,19.1517547296897,NA
"9843",2005-12-18,18.0613692025808,NA
"9844",2005-12-19,17.6371471027035,NA
"9845",2005-12-20,18.8732208933733,NA
"9846",2005-12-21,18.890307374013,NA
"9847",2005-12-22,18.4430674511655,NA
"9848",2005-12-23,19.3811900792093,NA
"9849",2005-12-24,19.5251608425307,NA
"9850",2005-12-25,19.7293559449036,NA
"9851",2005-12-26,19.9579621403788,NA
"9852",2005-12-27,20.1466491673204,NA
"9853",2005-12-28,20.3933857318681,NA
"9854",2005-12-29,20.914841750933,NA
"9855",2005-12-30,21.1934897336052,NA
"9856",2005-12-31,22.4522935284694,NA
"9857",2006-01-01,22.4435959797643,NA
"9858",2006-01-02,22.3650505534842,NA
"9859",2006-01-03,21.4973905896434,NA
"9860",2006-01-04,20.9379912442009,NA
"9861",2006-01-05,20.2808559104027,NA
"9862",2006-01-06,19.0527328488288,NA
"9863",2006-01-07,17.3902008494035,NA
"9864",2006-01-08,18.4661977121285,NA
"9865",2006-01-09,19.2469661224896,NA
"9866",2006-01-10,20.0562795103258,NA
"9867",2006-01-11,20.2000062125236,NA
"9868",2006-01-12,20.277462838964,NA
"9869",2006-01-13,20.0792481759916,NA
"9870",2006-01-14,19.7875588765929,NA
"9871",2006-01-15,19.0945365528836,NA
"9872",2006-01-16,18.7708451837537,NA
"9873",2006-01-17,18.2635954563862,NA
"9874",2006-01-18,19.0013142166495,NA
"9875",2006-01-19,19.8528981290009,NA
"9876",2006-01-20,20.7607762431641,NA
"9877",2006-01-21,21.7891748108537,NA
"9878",2006-01-22,22.3707965154992,NA
"9879",2006-01-23,22.2424436305509,NA
"9880",2006-01-24,22.0383181382929,NA
"9881",2006-01-25,22.2898609154736,NA
"9882",2006-01-26,22.5157538896551,NA
"9883",2006-01-27,22.52792478196,NA
"9884",2006-01-28,22.3104275192342,NA
"9885",2006-01-29,22.1428023414379,NA
"9886",2006-01-30,21.9115229071512,NA
"9887",2006-01-31,22.2466118103909,NA
"9888",2006-02-01,21.7710365680293,NA
"9889",2006-02-02,20.6630208630967,NA
"9890",2006-02-03,19.9464583469898,NA
"9891",2006-02-04,19.2199192918585,NA
"9892",2006-02-05,18.5662021314587,NA
"9893",2006-02-06,18.5742398387032,NA
"9894",2006-02-07,17.9110765977167,NA
"9895",2006-02-08,18.5176152214151,NA
"9896",2006-02-09,18.1909734451124,NA
"9897",2006-02-10,17.8690525334284,NA
"9898",2006-02-11,17.5129820316711,NA
"9899",2006-02-12,17.6000650131071,NA
"9900",2006-02-13,17.6030073010408,NA
"9901",2006-02-14,17.9199360644281,NA
"9902",2006-02-15,17.6465573224767,NA
"9903",2006-02-16,18.9742538077682,NA
"9904",2006-02-17,19.7623289360123,NA
"9905",2006-02-18,20.0984735760868,NA
"9906",2006-02-19,19.7938442149759,NA
"9907",2006-02-20,19.8828164693928,NA
"9908",2006-02-21,19.9821432871902,NA
"9909",2006-02-22,19.7410847600243,NA
"9910",2006-02-23,19.896843779591,NA
"9911",2006-02-24,20.3906070386189,NA
"9912",2006-02-25,20.3465544492977,NA
"9913",2006-02-26,20.2327207644666,NA
"9914",2006-02-27,20.1725989092818,NA
"9915",2006-02-28,20.1165930430327,NA
"9916",2006-03-01,20.0548797474602,NA
"9917",2006-03-02,19.9579822720326,NA
"9918",2006-03-03,19.8114849968426,NA
"9919",2006-03-04,20.2595261158246,NA
"9920",2006-03-05,20.7810157792245,NA
"9921",2006-03-06,20.8105084325477,NA
"9922",2006-03-07,20.6420019720506,NA
"9923",2006-03-08,20.6474329751858,NA
"9924",2006-03-09,20.1019891419204,NA
"9925",2006-03-10,19.425606014043,NA
"9926",2006-03-11,19.276602359358,NA
"9927",2006-03-12,19.8856942517298,NA
"9928",2006-03-13,19.8179838167084,NA
"9929",2006-03-14,19.5708395877293,NA
"9930",2006-03-15,19.2858772211573,NA
"9931",2006-03-16,18.7200693123581,NA
"9932",2006-03-17,18.1375457717162,NA
"9933",2006-03-18,17.2691281588423,NA
"9934",2006-03-19,15.6881169529797,NA
"9935",2006-03-20,15.5911961440951,NA
"9936",2006-03-21,16.4019393939708,NA
"9937",2006-03-22,16.9207687670646,NA
"9938",2006-03-23,17.5384761111543,NA
"9939",2006-03-24,18.5123325360384,NA
"9940",2006-03-25,19.1565647954998,NA
"9941",2006-03-26,19.8363388325512,NA
"9942",2006-03-27,19.9880754660328,NA
"9943",2006-03-28,19.8355043964076,NA
"9944",2006-03-29,19.9170287026957,NA
"9945",2006-03-30,19.4426908672142,NA
"9946",2006-03-31,18.3664817119284,NA
"9947",2006-04-01,17.1499290683806,NA
"9948",2006-04-02,15.723986283601,NA
"9949",2006-04-03,15.3676827631898,NA
"9950",2006-04-04,14.7955641799219,NA
"9951",2006-04-05,13.0134419396415,NA
"9952",2006-04-06,12.5174098448816,NA
"9953",2006-04-07,12.2770483473525,NA
"9954",2006-04-08,12.341232009925,NA
"9955",2006-04-09,12.2788445717973,NA
"9956",2006-04-10,12.3342229200548,NA
"9957",2006-04-11,12.9554595716464,NA
"9958",2006-04-12,13.5039287701084,NA
"9959",2006-04-13,14.2311350876113,NA
"9960",2006-04-14,14.2424826019744,NA
"9961",2006-04-15,13.9851216613267,NA
"9962",2006-04-16,13.6951852466234,NA
"9963",2006-04-17,13.688770011887,NA
"9964",2006-04-18,12.8940798485051,NA
"9965",2006-04-19,13.0482607454774,NA
"9966",2006-04-20,12.0254912936387,NA
"9967",2006-04-21,11.3323534129116,NA
"9968",2006-04-22,11.3981180066851,NA
"9969",2006-04-23,11.5676462171033,NA
"9970",2006-04-24,10.6029696404217,NA
"9971",2006-04-25,10.5437557734008,NA
"9972",2006-04-26,10.4691029239379,NA
"9973",2006-04-27,11.0914529705772,NA
"9974",2006-04-28,12.2027708695756,NA
"9975",2006-04-29,12.7330873762376,NA
"9976",2006-04-30,13.2347164060998,NA
"9977",2006-05-01,13.8775514959143,NA
"9978",2006-05-02,14.1160550314246,NA
"9979",2006-05-03,13.9209460219581,NA
"9980",2006-05-04,13.7166322538798,NA
"9981",2006-05-05,13.1640727074127,NA
"9982",2006-05-06,13.0605893018687,NA
"9983",2006-05-07,11.9676493721403,NA
"9984",2006-05-08,11.6303047511663,NA
"9985",2006-05-09,11.1086391822562,NA
"9986",2006-05-10,10.4201749331581,NA
"9987",2006-05-11,9.59121739871455,NA
"9988",2006-05-12,9.60918941317878,NA
"9989",2006-05-13,9.38000684200805,NA
"9990",2006-05-14,10.4031044739102,NA
"9991",2006-05-15,10.4538407142683,NA
"9992",2006-05-16,10.6067954656576,NA
"9993",2006-05-17,11.2587281625189,NA
"9994",2006-05-18,11.85159143783,NA
"9995",2006-05-19,11.9599433445875,NA
"9996",2006-05-20,10.8745058998177,NA
"9997",2006-05-21,10.2314386978326,NA
"9998",2006-05-22,9.58970204785181,NA
"9999",2006-05-23,9.1940163232682,NA
"10000",2006-05-24,8.58588871214127,NA
"10001",2006-05-25,7.90908396522467,NA
"10002",2006-05-26,7.40570609764586,NA
"10003",2006-05-27,8.02890560321065,NA
"10004",2006-05-28,8.06744831788516,NA
"10005",2006-05-29,7.84028180766094,NA
"10006",2006-05-30,7.38930073316273,NA
"10007",2006-05-31,7.40993322956822,NA
"10008",2006-06-01,7.52500602631196,NA
"10009",2006-06-02,7.73043038635442,NA
"10010",2006-06-03,7.57915212505762,NA
"10011",2006-06-04,7.3173471575891,NA
"10012",2006-06-05,7.50618866558754,NA
"10013",2006-06-06,7.23596424838766,NA
"10014",2006-06-07,6.84441806964885,NA
"10015",2006-06-08,6.38084463748081,NA
"10016",2006-06-09,6.1408605523164,NA
"10017",2006-06-10,6.06909415989703,NA
"10018",2006-06-11,5.84841270643611,NA
"10019",2006-06-12,5.66808991747097,NA
"10020",2006-06-13,5.64997280538786,NA
"10021",2006-06-14,5.79313979859549,NA
"10022",2006-06-15,6.39701095166051,NA
"10023",2006-06-16,6.4192443786436,NA
"10024",2006-06-17,6.3579440460521,NA
"10025",2006-06-18,6.24439475236407,NA
"10026",2006-06-19,6.78942625065109,NA
"10027",2006-06-20,7.26010218480964,NA
"10028",2006-06-21,7.937040027493,NA
"10029",2006-06-22,8.14255063322657,NA
"10030",2006-06-23,8.03590491912162,NA
"10031",2006-06-24,7.98616507219733,NA
"10032",2006-06-25,8.06875815350515,NA
"10033",2006-06-26,7.59784071597312,NA
"10034",2006-06-27,7.5588640843427,NA
"10035",2006-06-28,6.76932565876545,NA
"10036",2006-06-29,6.58579913479793,NA
"10037",2006-06-30,7.00513220872417,NA
"10038",2006-07-01,7.4156231882356,NA
"10039",2006-07-02,7.83518339434413,NA
"10040",2006-07-03,7.95977903509931,NA
"10041",2006-07-04,8.09794937227782,NA
"10042",2006-07-05,8.85624005799938,NA
"10043",2006-07-06,8.61827222431389,NA
"10044",2006-07-07,8.55333878735081,NA
"10045",2006-07-08,8.45645256609267,NA
"10046",2006-07-09,8.36512874256935,NA
"10047",2006-07-10,8.94861224555033,NA
"10048",2006-07-11,8.70228751628283,NA
"10049",2006-07-12,8.25923808712902,NA
"10050",2006-07-13,8.01786170825651,NA
"10051",2006-07-14,8.03301143827311,NA
"10052",2006-07-15,8.2213722923964,NA
"10053",2006-07-16,8.95628724363826,NA
"10054",2006-07-17,8.82901385541914,NA
"10055",2006-07-18,8.80879674774207,NA
"10056",2006-07-19,8.44460730327473,NA
"10057",2006-07-20,8.11784538181267,NA
"10058",2006-07-21,7.57844965684219,NA
"10059",2006-07-22,7.35809527345521,NA
"10060",2006-07-23,6.74597972940919,NA
"10061",2006-07-24,6.53724085596834,NA
"10062",2006-07-25,7.03643166093729,NA
"10063",2006-07-26,7.59484507001845,NA
"10064",2006-07-27,8.27782946379892,NA
"10065",2006-07-28,8.73836303356805,NA
"10066",2006-07-29,8.74079844900557,NA
"10067",2006-07-30,8.84129240124401,NA
"10068",2006-07-31,8.64943514115636,NA
"10069",2006-08-01,8.19888757057071,NA
"10070",2006-08-02,8.18177970418356,NA
"10071",2006-08-03,8.09044602071327,NA
"10072",2006-08-04,7.70921249313037,NA
"10073",2006-08-05,7.75227256394624,NA
"10074",2006-08-06,7.34794669383166,NA
"10075",2006-08-07,10.4143434734844,NA
"10076",2006-08-08,12.570882555071,NA
"10077",2006-08-09,14.1118280035505,NA
"10078",2006-08-10,15.3993732216206,NA
"10079",2006-08-11,17.072370045635,NA
"10080",2006-08-12,18.583277058366,NA
"10081",2006-08-13,20.1760854828476,NA
"10082",2006-08-14,19.8135130671539,NA
"10083",2006-08-15,20.3066597678133,NA
"10084",2006-08-16,20.9004144950097,NA
"10085",2006-08-17,21.860888333613,NA
"10086",2006-08-18,21.9189211981614,NA
"10087",2006-08-19,22.0024718797852,NA
"10088",2006-08-20,22.0395835980652,NA
"10089",2006-08-21,22.0349308062292,NA
"10090",2006-08-22,21.8635727318151,NA
"10091",2006-08-23,21.7539374596945,NA
"10092",2006-08-24,21.3128863687008,NA
"10093",2006-08-25,21.4092549651537,NA
"10094",2006-08-26,21.5361054017121,NA
"10095",2006-08-27,21.8130028932647,NA
"10096",2006-08-28,22.206136851239,NA
"10097",2006-08-29,22.6416107132707,NA
"10098",2006-08-30,22.7411775095156,NA
"10099",2006-08-31,22.5811235960594,NA
"10100",2006-09-01,22.8132780994237,NA
"10101",2006-09-02,22.9947855609645,NA
"10102",2006-09-03,23.0040144310931,NA
"10103",2006-09-04,22.9143411918271,NA
"10104",2006-09-05,22.8746699815098,NA
"10105",2006-09-06,22.7214168858826,NA
"10106",2006-09-07,22.9264254839939,NA
"10107",2006-09-08,22.9046240718489,NA
"10108",2006-09-09,22.6284245986541,NA
"10109",2006-09-10,22.5297416442426,NA
"10110",2006-09-11,22.3220590940056,NA
"10111",2006-09-12,21.8462708133173,NA
"10112",2006-09-13,21.4891303392332,NA
"10113",2006-09-14,20.8543679747809,NA
"10114",2006-09-15,20.6242498317144,NA
"10115",2006-09-16,19.7002536765976,NA
"10116",2006-09-17,18.7149230192845,NA
"10117",2006-09-18,18.128196317425,NA
"10118",2006-09-19,17.780697295525,NA
"10119",2006-09-20,17.8342799795095,NA
"10120",2006-09-21,18.3573541990858,NA
"10121",2006-09-22,18.5073755993045,NA
"10122",2006-09-23,19.7817456970946,NA
"10123",2006-09-24,20.7996711600825,NA
"10124",2006-09-25,21.1949997612882,NA
"10125",2006-09-26,21.2542582864067,NA
"10126",2006-09-27,21.5377114607623,NA
"10127",2006-09-28,21.6673824647318,NA
"10128",2006-09-29,21.6466636266406,NA
"10129",2006-09-30,21.7309356889177,NA
"10130",2006-10-01,21.8322234041779,NA
"10131",2006-10-02,21.6004205308798,NA
"10132",2006-10-03,21.3914311938817,NA
"10133",2006-10-04,21.2916950026484,NA
"10134",2006-10-05,21.0734532897982,NA
"10135",2006-10-06,20.8861483947131,NA
"10136",2006-10-07,20.6936645242754,NA
"10137",2006-10-08,20.4617605488363,NA
"10138",2006-10-09,20.9420518778248,NA
"10139",2006-10-10,21.3923816106698,NA
"10140",2006-10-11,21.2360820810516,NA
"10141",2006-10-12,20.8192812166952,NA
"10142",2006-10-13,20.602184162774,NA
"10143",2006-10-14,20.4753983771803,NA
"10144",2006-10-15,20.2874299705224,NA
"10145",2006-10-16,20.1371389792456,NA
"10146",2006-10-17,20.6365377845597,NA
"10147",2006-10-18,20.4242561915478,NA
"10148",2006-10-19,20.5929190225285,NA
"10149",2006-10-20,20.2374371956749,NA
"10150",2006-10-21,19.4348673689586,NA
"10151",2006-10-22,18.5622801768837,NA
"10152",2006-10-23,17.807677225674,NA
"10153",2006-10-24,16.3411144646867,NA
"10154",2006-10-25,16.7089902913085,NA
"10155",2006-10-26,17.0167794242349,NA
"10156",2006-10-27,17.5392620667483,NA
"10157",2006-10-28,18.3149856955753,NA
"10158",2006-10-29,19.0827960877744,NA
"10159",2006-10-30,19.3916840737067,NA
"10160",2006-10-31,19.590033473546,NA
"10161",2006-11-01,19.8310637828723,NA
"10162",2006-11-02,19.8311192283358,NA
"10163",2006-11-03,19.981175237369,NA
"10164",2006-11-04,19.7602467590306,NA
"10165",2006-11-05,18.9434144369648,NA
"10166",2006-11-06,17.7114683900653,NA
"10167",2006-11-07,16.5972487273957,NA
"10168",2006-11-08,15.7075244500207,NA
"10169",2006-11-09,14.807731226997,NA
"10170",2006-11-10,13.0751972011606,NA
"10171",2006-11-11,11.7362458378402,NA
"10172",2006-11-12,11.2753328442082,NA
"10173",2006-11-13,11.4656317566235,NA
"10174",2006-11-14,11.544206287576,NA
"10175",2006-11-15,11.3844168792569,NA
"10176",2006-11-16,11.9401370907127,NA
"10177",2006-11-17,12.3613156232367,NA
"10178",2006-11-18,13.1773852388612,NA
"10179",2006-11-19,13.221530526546,NA
"10180",2006-11-20,12.7758522240605,NA
"10181",2006-11-21,12.3830088400625,NA
"10182",2006-11-22,12.5454634450003,NA
"10183",2006-11-23,11.6943232972993,NA
"10184",2006-11-24,11.8084400348023,NA
"10185",2006-11-25,11.0466094017478,NA
"10186",2006-11-26,10.1737567885458,NA
"10187",2006-11-27,10.3020420045496,NA
"10188",2006-11-28,10.2547211790967,NA
"10189",2006-11-29,9.46432693729398,NA
"10190",2006-11-30,9.34528078842315,NA
"10191",2006-12-01,9.24362156185648,NA
"10192",2006-12-02,9.61992803487405,NA
"10193",2006-12-03,10.9637692040045,NA
"10194",2006-12-04,11.5616313537041,NA
"10195",2006-12-05,12.0417840165936,NA
"10196",2006-12-06,12.3787841029704,NA
"10197",2006-12-07,12.5395158537245,NA
"10198",2006-12-08,12.2533519465268,NA
"10199",2006-12-09,12.0515504906774,NA
"10200",2006-12-10,11.6502150536827,NA
"10201",2006-12-11,11.6404351368524,NA
"10202",2006-12-12,10.620037686684,NA
"10203",2006-12-13,9.9650560653596,NA
"10204",2006-12-14,9.60281138458297,NA
"10205",2006-12-15,8.92480590978303,NA
"10206",2006-12-16,8.22738374716646,NA
"10207",2006-12-17,7.85864255133781,NA
"10208",2006-12-18,7.50446797452998,NA
"10209",2006-12-19,8.42270266590051,NA
"10210",2006-12-20,8.93319005905836,NA
"10211",2006-12-21,9.11766915149529,NA
"10212",2006-12-22,9.80245821325732,NA
"10213",2006-12-23,10.4939669674269,NA
"10214",2006-12-24,10.8882296914123,NA
"10215",2006-12-25,10.3065324115713,NA
"10216",2006-12-26,9.67426336899692,NA
"10217",2006-12-27,8.98926168242182,NA
"10218",2006-12-28,8.69121806071336,NA
"10219",2006-12-29,8.33111624786993,NA
"10220",2006-12-30,7.84848468395309,NA
"10221",2006-12-31,7.4181512825521,NA
"10222",2007-01-01,10.0662561880021,NA
"10223",2007-01-02,12.8414195372004,NA
"10224",2007-01-03,15.7636004283893,NA
"10225",2007-01-04,18.1785754654917,NA
"10226",2007-01-05,20.5345425223913,NA
"10227",2007-01-06,21.9597593966126,NA
"10228",2007-01-07,22.4414976090065,NA
"10229",2007-01-08,21.9811256909934,NA
"10230",2007-01-09,21.7802585228566,NA
"10231",2007-01-10,22.0477007386779,NA
"10232",2007-01-11,21.8834607496371,NA
"10233",2007-01-12,21.1753285997215,NA
"10234",2007-01-13,20.3968856911009,NA
"10235",2007-01-14,20.6368586099142,NA
"10236",2007-01-15,21.3784010632746,NA
"10237",2007-01-16,22.1176088423177,NA
"10238",2007-01-17,21.7388212288156,NA
"10239",2007-01-18,21.7872932219791,NA
"10240",2007-01-19,22.0993072921947,NA
"10241",2007-01-20,22.2815775045151,NA
"10242",2007-01-21,22.1743794818638,NA
"10243",2007-01-22,21.855319405534,NA
"10244",2007-01-23,21.0085546897212,NA
"10245",2007-01-24,20.3502141605319,NA
"10246",2007-01-25,19.5728287334288,NA
"10247",2007-01-26,19.0116619860218,NA
"10248",2007-01-27,18.3470345868756,NA
"10249",2007-01-28,18.4051438711597,NA
"10250",2007-01-29,18.5432808048121,NA
"10251",2007-01-30,18.3935982595428,NA
"10252",2007-01-31,18.2163565906232,NA
"10253",2007-02-01,18.8445165863879,NA
"10254",2007-02-02,19.4997311904913,NA
"10255",2007-02-03,20.2994628493159,NA
"10256",2007-02-04,21.0141690420342,NA
"10257",2007-02-05,21.3534628966896,NA
"10258",2007-02-06,21.088375973951,NA
"10259",2007-02-07,21.2020583215822,NA
"10260",2007-02-08,20.6983430339172,NA
"10261",2007-02-09,20.3585542989776,NA
"10262",2007-02-10,20.1612191654829,NA
"10263",2007-02-11,19.7982477267728,NA
"10264",2007-02-12,19.7969400651646,NA
"10265",2007-02-13,20.5536953280699,NA
"10266",2007-02-14,21.1773679849099,NA
"10267",2007-02-15,21.822298781339,NA
"10268",2007-02-16,22.1486717402814,NA
"10269",2007-02-17,22.5948013060008,NA
"10270",2007-02-18,22.8308429680857,NA
"10271",2007-02-19,22.8296125374804,NA
"10272",2007-02-20,22.9132919728209,NA
"10273",2007-02-21,22.9506948294375,NA
"10274",2007-02-22,22.9225808775168,NA
"10275",2007-02-23,22.8517652868632,NA
"10276",2007-02-24,22.4185357082985,NA
"10277",2007-02-25,21.9166806587286,NA
"10278",2007-02-26,21.7913338024463,NA
"10279",2007-02-27,21.3811277052187,NA
"10280",2007-02-28,21.1542752347542,NA
"10281",2007-03-01,20.8612359799978,NA
"10282",2007-03-02,20.8303015032794,NA
"10283",2007-03-03,21.2523264106622,NA
"10284",2007-03-04,21.2111493664702,NA
"10285",2007-03-05,20.6567135882763,NA
"10286",2007-03-06,20.5200011318522,NA
"10287",2007-03-07,20.4221662575707,NA
"10288",2007-03-08,19.8980447259686,NA
"10289",2007-03-09,19.11330383912,NA
"10290",2007-03-10,19.1708868111986,NA
"10291",2007-03-11,19.1886844576107,NA
"10292",2007-03-12,19.096745607455,NA
"10293",2007-03-13,18.8015145734197,NA
"10294",2007-03-14,18.9783146012241,NA
"10295",2007-03-15,20.0472426295406,NA
"10296",2007-03-16,20.1238273663743,NA
"10297",2007-03-17,19.0883811466008,NA
"10298",2007-03-18,18.9280551609878,NA
"10299",2007-03-19,19.467624494811,NA
"10300",2007-03-20,19.5969790677706,NA
"10301",2007-03-21,19.4772341463787,NA
"10302",2007-03-22,19.6182573075483,NA
"10303",2007-03-23,20.256789510236,NA
"10304",2007-03-24,20.0772881329737,NA
"10305",2007-03-25,19.623780765869,NA
"10306",2007-03-26,19.343959029729,NA
"10307",2007-03-27,19.5549991940633,NA
"10308",2007-03-28,19.0132324959289,NA
"10309",2007-03-29,17.418939039579,NA
"10310",2007-03-30,15.9016802818325,NA
"10311",2007-03-31,16.2607231010713,NA
"10312",2007-04-01,16.8529684319242,NA
"10313",2007-04-02,16.8408721897988,NA
"10314",2007-04-03,15.9782808280487,NA
"10315",2007-04-04,15.6963687797548,NA
"10316",2007-04-05,15.6632395693114,NA
"10317",2007-04-06,15.7492133473345,NA
"10318",2007-04-07,15.7350411908201,NA
"10319",2007-04-08,15.7573222291697,NA
"10320",2007-04-09,15.8642257396073,NA
"10321",2007-04-10,16.3542439165474,NA
"10322",2007-04-11,16.507038357895,NA
"10323",2007-04-12,16.798369133735,NA
"10324",2007-04-13,17.4576947024848,NA
"10325",2007-04-14,18.0733608640565,NA
"10326",2007-04-15,18.1036187230626,NA
"10327",2007-04-16,17.4913530971881,NA
"10328",2007-04-17,17.4616602331809,NA
"10329",2007-04-18,17.469907410882,NA
"10330",2007-04-19,17.5385422528811,NA
"10331",2007-04-20,17.2705264045911,NA
"10332",2007-04-21,16.6023088424545,NA
"10333",2007-04-22,16.2349869938334,NA
"10334",2007-04-23,16.422546901444,NA
"10335",2007-04-24,16.0183036952224,NA
"10336",2007-04-25,15.673301994858,NA
"10337",2007-04-26,15.5695534502945,NA
"10338",2007-04-27,15.3839126763404,NA
"10339",2007-04-28,15.4467063897694,NA
"10340",2007-04-29,15.379589709173,NA
"10341",2007-04-30,15.45035206673,NA
"10342",2007-05-01,15.6966518624741,NA
"10343",2007-05-02,16.1197129105411,NA
"10344",2007-05-03,15.906632304881,NA
"10345",2007-05-04,15.9383929252571,NA
"10346",2007-05-05,16.0413798961242,NA
"10347",2007-05-06,15.9631878416704,NA
"10348",2007-05-07,16.3179925653852,NA
"10349",2007-05-08,15.9232835593817,NA
"10350",2007-05-09,15.2436405592692,NA
"10351",2007-05-10,14.9842016140613,NA
"10352",2007-05-11,14.4600570403178,NA
"10353",2007-05-12,14.0871750019627,NA
"10354",2007-05-13,14.2135687052218,NA
"10355",2007-05-14,14.0699752542951,NA
"10356",2007-05-15,14.4751371893038,NA
"10357",2007-05-16,15.128663539222,NA
"10358",2007-05-17,15.4419093412645,NA
"10359",2007-05-18,15.4977143807579,NA
"10360",2007-05-19,15.3045839516116,NA
"10361",2007-05-20,14.8420861368514,NA
"10362",2007-05-21,13.7544308728865,NA
"10363",2007-05-22,12.9633714559299,NA
"10364",2007-05-23,12.3449755081389,NA
"10365",2007-05-24,12.0383611487878,NA
"10366",2007-05-25,11.9603817530243,NA
"10367",2007-05-26,11.7764087593868,NA
"10368",2007-05-27,12.0866244466906,NA
"10369",2007-05-28,13.1158631844311,NA
"10370",2007-05-29,13.0882409992569,NA
"10371",2007-05-30,12.6377342500851,NA
"10372",2007-05-31,11.9809143944037,NA
"10373",2007-06-01,11.6452380264138,NA
"10374",2007-06-02,11.2863461729698,NA
"10375",2007-06-03,10.5092881323089,NA
"10376",2007-06-04,9.35979019992362,NA
"10377",2007-06-05,9.16918200193796,NA
"10378",2007-06-06,9.32370901836134,NA
"10379",2007-06-07,9.56704682435373,NA
"10380",2007-06-08,9.5075565819291,NA
"10381",2007-06-09,9.46238808013026,NA
"10382",2007-06-10,9.56885544162262,NA
"10383",2007-06-11,9.43665664219087,NA
"10384",2007-06-12,9.29939078416076,NA
"10385",2007-06-13,8.71166365412706,NA
"10386",2007-06-14,8.19926433305058,NA
"10387",2007-06-15,8.00191292150076,NA
"10388",2007-06-16,8.16343171401691,NA
"10389",2007-06-17,7.88783612289256,NA
"10390",2007-06-18,7.64386989985751,NA
"10391",2007-06-19,7.50608833314967,NA
"10392",2007-06-20,7.78770719992102,NA
"10393",2007-06-21,7.71648242777539,NA
"10394",2007-06-22,7.67947190224389,NA
"10395",2007-06-23,7.06244306997076,NA
"10396",2007-06-24,6.77028459587258,NA
"10397",2007-06-25,6.86313783234268,NA
"10398",2007-06-26,7.08736146001419,NA
"10399",2007-06-27,7.52004011013846,NA
"10400",2007-06-28,8.04639286093541,NA
"10401",2007-06-29,8.09553807370624,NA
"10402",2007-06-30,8.67227653573706,NA
"10403",2007-07-01,9.30096524002714,NA
"10404",2007-07-02,9.79790430475012,NA
"10405",2007-07-03,10.0640962794153,NA
"10406",2007-07-04,9.8081141418552,NA
"10407",2007-07-05,9.22462523650678,NA
"10408",2007-07-06,8.82049328201197,NA
"10409",2007-07-07,8.59713120676824,NA
"10410",2007-07-08,8.5246913937851,NA
"10411",2007-07-09,8.20927526848816,NA
"10412",2007-07-10,7.647764973814,NA
"10413",2007-07-11,7.38292083824541,NA
"10414",2007-07-12,7.66881943401461,NA
"10415",2007-07-13,7.85370305391561,NA
"10416",2007-07-14,7.53894971082641,NA
"10417",2007-07-15,6.96278333678757,NA
"10418",2007-07-16,6.85455926959544,NA
"10419",2007-07-17,6.34140670093099,NA
"10420",2007-07-18,6.08311129127686,NA
"10421",2007-07-19,5.99510310200395,NA
"10422",2007-07-20,5.83574621066532,NA
"10423",2007-07-21,5.7109632112519,NA
"10424",2007-07-22,5.82803346135545,NA
"10425",2007-07-23,6.07495373640095,NA
"10426",2007-07-24,6.97145717230223,NA
"10427",2007-07-25,7.87878849602432,NA
"10428",2007-07-26,8.26856454861547,NA
"10429",2007-07-27,8.79998447516569,NA
"10430",2007-07-28,9.18430253510494,NA
"10431",2007-07-29,9.54210409824445,NA
"10432",2007-07-30,9.71944888141647,NA
"10433",2007-07-31,9.76761858540928,NA
"10434",2007-08-01,9.55508395122996,NA
"10435",2007-08-02,9.36670891889228,NA
"10436",2007-08-03,8.78369252970857,NA
"10437",2007-08-04,8.98449648903456,NA
"10438",2007-08-05,9.25896757867806,NA
"10439",2007-08-06,9.21749331793442,NA
"10440",2007-08-07,9.3471618132965,NA
"10441",2007-08-08,9.46135005230555,NA
"10442",2007-08-09,9.98612176831206,NA
"10443",2007-08-10,11.1827319786862,NA
"10444",2007-08-11,11.6169986321035,NA
"10445",2007-08-12,10.9972785830285,NA
"10446",2007-08-13,10.3215110303162,NA
"10447",2007-08-14,9.86818674777273,NA
"10448",2007-08-15,9.49834671611288,NA
"10449",2007-08-16,9.21140904284458,NA
"10450",2007-08-17,8.59833933300258,NA
"10451",2007-08-18,8.20774348761132,NA
"10452",2007-08-19,8.2297517027124,NA
"10453",2007-08-20,8.95056195921188,NA
"10454",2007-08-21,9.0658352875422,NA
"10455",2007-08-22,9.12879603195812,NA
"10456",2007-08-23,9.25983614614374,NA
"10457",2007-08-24,9.64877617559558,NA
"10458",2007-08-25,10.3605270445519,NA
"10459",2007-08-26,11.3779863903922,NA
"10460",2007-08-27,12.4060551330395,NA
"10461",2007-08-28,12.9016592696544,NA
"10462",2007-08-29,13.1833964461447,NA
"10463",2007-08-30,14.0599577410501,NA
"10464",2007-08-31,13.3876522376021,NA
"10465",2007-09-01,12.5880534830765,NA
"10466",2007-09-02,12.3076683536223,NA
"10467",2007-09-03,10.9422071313711,NA
"10468",2007-09-04,10.3079792909558,NA
"10469",2007-09-05,10.1303956109402,NA
"10470",2007-09-06,9.23863805739012,NA
"10471",2007-09-07,9.81037952677884,NA
"10472",2007-09-08,10.4563396118035,NA
"10473",2007-09-09,10.9125018946206,NA
"10474",2007-09-10,11.6830630480838,NA
"10475",2007-09-11,12.3374758797069,NA
"10476",2007-09-12,12.4816953512247,NA
"10477",2007-09-13,13.1804178920514,NA
"10478",2007-09-14,12.9803921545961,NA
"10479",2007-09-15,12.6536991432383,NA
"10480",2007-09-16,12.2026345496174,NA
"10481",2007-09-17,11.725107961528,NA
"10482",2007-09-18,12.0189860833635,NA
"10483",2007-09-19,12.1645378004438,NA
"10484",2007-09-20,11.2610922848252,NA
"10485",2007-09-21,11.4574561895507,NA
"10486",2007-09-22,11.3795014430579,NA
"10487",2007-09-23,11.6830567860304,NA
"10488",2007-09-24,11.7760965634725,NA
"10489",2007-09-25,11.7394607708558,NA
"10490",2007-09-26,11.6649264074357,NA
"10491",2007-09-27,12.3118404872867,NA
"10492",2007-09-28,11.7893284786198,NA
"10493",2007-09-29,12.1358414254781,NA
"10494",2007-09-30,12.2437474382898,NA
"10495",2007-10-01,12.4773091904677,NA
"10496",2007-10-02,13.0134047105203,NA
"10497",2007-10-03,12.9380880840318,NA
"10498",2007-10-04,12.7370596604709,NA
"10499",2007-10-05,13.7586522883609,NA
"10500",2007-10-06,13.2287570142284,NA
"10501",2007-10-07,12.5150741850897,NA
"10502",2007-10-08,12.3113928626323,NA
"10503",2007-10-09,11.4362991181179,NA
"10504",2007-10-10,12.4480467908329,NA
"10505",2007-10-11,12.6030313996779,NA
"10506",2007-10-12,11.7655693427457,NA
"10507",2007-10-13,12.1283026665555,NA
"10508",2007-10-14,13.0532317865245,NA
"10509",2007-10-15,14.3726028302763,NA
"10510",2007-10-16,14.1504618536801,NA
"10511",2007-10-17,13.2623048471858,NA
"10512",2007-10-18,14.1307821888166,NA
"10513",2007-10-19,14.9233144394043,NA
"10514",2007-10-20,16.1869782538375,NA
"10515",2007-10-21,17.7298166262559,NA
"10516",2007-10-22,17.0983607775732,NA
"10517",2007-10-23,17.2884720928966,NA
"10518",2007-10-24,17.5316821233359,NA
"10519",2007-10-25,16.5777260042093,NA
"10520",2007-10-26,16.7408176427679,NA
"10521",2007-10-27,17.2489121351006,NA
"10522",2007-10-28,16.0226230026257,NA
"10523",2007-10-29,15.9496813948284,NA
"10524",2007-10-30,16.4976785601584,NA
"10525",2007-10-31,16.9027756871919,NA
"10526",2007-11-01,17.6667685185449,NA
"10527",2007-11-02,17.7317313874377,NA
"10528",2007-11-03,16.6398791279701,NA
"10529",2007-11-04,15.6037411276176,NA
"10530",2007-11-05,15.3078657313012,NA
"10531",2007-11-06,15.2246913358915,NA
"10532",2007-11-07,15.048899802378,NA
"10533",2007-11-08,14.708469307833,NA
"10534",2007-11-09,14.9972836692449,NA
"10535",2007-11-10,15.4092017748407,NA
"10536",2007-11-11,16.6294866555774,NA
"10537",2007-11-12,17.2170933021517,NA
"10538",2007-11-13,17.8184404197507,NA
"10539",2007-11-14,18.2460575265256,NA
"10540",2007-11-15,18.7982498006458,NA
"10541",2007-11-16,19.5999493279985,NA
"10542",2007-11-17,20.2374209876661,NA
"10543",2007-11-18,20.7301868708961,NA
"10544",2007-11-19,21.7185850039937,NA
"10545",2007-11-20,21.9798699529034,NA
"10546",2007-11-21,21.4091845952295,NA
"10547",2007-11-22,20.8631498174796,NA
"10548",2007-11-23,19.9955824972936,NA
"10549",2007-11-24,19.4347585659369,NA
"10550",2007-11-25,18.5540790493366,NA
"10551",2007-11-26,17.019811759293,NA
"10552",2007-11-27,17.2087880866847,NA
"10553",2007-11-28,18.3649064665954,NA
"10554",2007-11-29,19.2113332929802,NA
"10555",2007-11-30,19.6973985937939,NA
"10556",2007-12-01,20.069068770224,NA
"10557",2007-12-02,20.8197837493837,NA
"10558",2007-12-03,20.9810402470144,NA
"10559",2007-12-04,20.349170791808,NA
"10560",2007-12-05,20.3578920686545,NA
"10561",2007-12-06,20.9712453505716,NA
"10562",2007-12-07,20.7600379015394,NA
"10563",2007-12-08,20.5774818626664,NA
"10564",2007-12-09,19.8236556535649,NA
"10565",2007-12-10,19.3862376517776,NA
"10566",2007-12-11,19.2440587006169,NA
"10567",2007-12-12,19.2073104964314,NA
"10568",2007-12-13,18.7056207512617,NA
"10569",2007-12-14,19.5069584734596,NA
"10570",2007-12-15,18.935097347241,NA
"10571",2007-12-16,18.8047490952586,NA
"10572",2007-12-17,19.4306695361175,NA
"10573",2007-12-18,20.1099530438107,NA
"10574",2007-12-19,20.5010601285593,NA
"10575",2007-12-20,20.3254342606087,NA
"10576",2007-12-21,19.8838457153492,NA
"10577",2007-12-22,19.5363906706626,NA
"10578",2007-12-23,19.4573432191359,NA
"10579",2007-12-24,18.7839345037175,NA
"10580",2007-12-25,17.7711886361704,NA
"10581",2007-12-26,17.2453131329294,NA
"10582",2007-12-27,17.1322079227571,NA
"10583",2007-12-28,17.8838066741444,NA
"10584",2007-12-29,19.5010299637198,NA
"10585",2007-12-30,20.7638894714302,NA
"10586",2007-12-31,22.2116115139879,NA
"10587",2008-01-01,22.7613612862458,NA
"10588",2008-01-02,22.7444104027411,NA
"10589",2008-01-03,22.917964631463,NA
"10590",2008-01-04,22.9523227151406,NA
"10591",2008-01-05,23.045802252993,NA
"10592",2008-01-06,22.7692052779371,NA
"10593",2008-01-07,21.9994163522453,NA
"10594",2008-01-08,21.5290595894753,NA
"10595",2008-01-09,21.9331713392409,NA
"10596",2008-01-10,22.4018957833772,NA
"10597",2008-01-11,21.9736844530449,NA
"10598",2008-01-12,21.4656190191825,NA
"10599",2008-01-13,21.2811294713225,NA
"10600",2008-01-14,21.1577615123805,NA
"10601",2008-01-15,21.5454008914288,NA
"10602",2008-01-16,20.9037951024304,NA
"10603",2008-01-17,19.6461332994842,NA
"10604",2008-01-18,19.7441129159828,NA
"10605",2008-01-19,19.3323826264923,NA
"10606",2008-01-20,19.2604444694726,NA
"10607",2008-01-21,19.2832123604014,NA
"10608",2008-01-22,18.6397012495412,NA
"10609",2008-01-23,19.4029780942471,NA
"10610",2008-01-24,19.4378201726986,NA
"10611",2008-01-25,19.6743238357041,NA
"10612",2008-01-26,20.4875665165852,NA
"10613",2008-01-27,20.9955375860283,NA
"10614",2008-01-28,21.3751541167146,NA
"10615",2008-01-29,21.6608575289261,NA
"10616",2008-01-30,21.6002215268829,NA
"10617",2008-01-31,21.1763964991686,NA
"10618",2008-02-01,20.8424672291977,NA
"10619",2008-02-02,20.525204583578,NA
"10620",2008-02-03,20.6103346607992,NA
"10621",2008-02-04,20.7663736081155,NA
"10622",2008-02-05,20.7230883392309,NA
"10623",2008-02-06,20.2950171413612,NA
"10624",2008-02-07,20.2656568024701,NA
"10625",2008-02-08,19.6327574679264,NA
"10626",2008-02-09,18.7762839687986,NA
"10627",2008-02-10,18.0238516003,NA
"10628",2008-02-11,17.775604373417,NA
"10629",2008-02-12,17.2047835202719,NA
"10630",2008-02-13,16.8030249126674,NA
"10631",2008-02-14,17.080595721164,NA
"10632",2008-02-15,18.0323212085357,NA
"10633",2008-02-16,19.0430455249093,NA
"10634",2008-02-17,19.9399680836338,NA
"10635",2008-02-18,20.298796836036,NA
"10636",2008-02-19,21.221634675176,NA
"10637",2008-02-20,21.1767758684632,NA
"10638",2008-02-21,21.572106577299,NA
"10639",2008-02-22,21.252004674685,NA
"10640",2008-02-23,20.6075121491761,NA
"10641",2008-02-24,19.661023868882,NA
"10642",2008-02-25,18.840597603797,NA
"10643",2008-02-26,17.7343858169916,NA
"10644",2008-02-27,17.8796737314176,NA
"10645",2008-02-28,16.6740265291637,NA
"10646",2008-02-29,16.0338610581734,NA
"10647",2008-03-01,15.894426264271,NA
"10648",2008-03-02,16.4732358354915,NA
"10649",2008-03-03,17.1941566018067,NA
"10650",2008-03-04,17.1016646108174,NA
"10651",2008-03-05,17.9580082599189,NA
"10652",2008-03-06,18.890022109483,NA
"10653",2008-03-07,19.6254771460729,NA
"10654",2008-03-08,20.4676967426446,NA
"10655",2008-03-09,21.0957571707667,NA
"10656",2008-03-10,21.2357435531941,NA
"10657",2008-03-11,21.3042858701935,NA
"10658",2008-03-12,21.2255825659415,NA
"10659",2008-03-13,21.919473159295,NA
"10660",2008-03-14,22.3926876369832,NA
"10661",2008-03-15,22.6652404283609,NA
"10662",2008-03-16,22.7635431460574,NA
"10663",2008-03-17,22.9406642826188,NA
"10664",2008-03-18,23.0035006322559,NA
"10665",2008-03-19,22.959073748236,NA
"10666",2008-03-20,22.3059596299155,NA
"10667",2008-03-21,21.368949646784,NA
"10668",2008-03-22,20.6428057915297,NA
"10669",2008-03-23,19.9677425923108,NA
"10670",2008-03-24,18.9730153663279,NA
"10671",2008-03-25,18.5277306262461,NA
"10672",2008-03-26,17.3553968746322,NA
"10673",2008-03-27,16.7243463357911,NA
"10674",2008-03-28,16.5844859658368,NA
"10675",2008-03-29,15.0876716228963,NA
"10676",2008-03-30,14.0343565981879,NA
"10677",2008-03-31,13.0442553954663,NA
"10678",2008-04-01,13.4436750078716,NA
"10679",2008-04-02,13.7419677901812,NA
"10680",2008-04-03,13.885691183213,NA
"10681",2008-04-04,14.382148236854,NA
"10682",2008-04-05,14.9764132502408,NA
"10683",2008-04-06,15.0194859642538,NA
"10684",2008-04-07,15.5037120286741,NA
"10685",2008-04-08,15.2432641180505,NA
"10686",2008-04-09,15.9551886875817,NA
"10687",2008-04-10,17.1139219699179,NA
"10688",2008-04-11,17.6140080400809,NA
"10689",2008-04-12,17.7789104227115,NA
"10690",2008-04-13,17.3843695469919,NA
"10691",2008-04-14,16.8394197461706,NA
"10692",2008-04-15,16.1924260509718,NA
"10693",2008-04-16,15.7137296869551,NA
"10694",2008-04-17,14.873266698587,NA
"10695",2008-04-18,14.1599956643462,NA
"10696",2008-04-19,14.0708921152875,NA
"10697",2008-04-20,14.2733795660796,NA
"10698",2008-04-21,14.3395195759464,NA
"10699",2008-04-22,14.5705071738404,NA
"10700",2008-04-23,14.4870513936564,NA
"10701",2008-04-24,14.5552164151599,NA
"10702",2008-04-25,14.8548862411086,NA
"10703",2008-04-26,14.3287439768173,NA
"10704",2008-04-27,13.3977491904837,NA
"10705",2008-04-28,12.5269858538731,NA
"10706",2008-04-29,11.5842464678201,NA
"10707",2008-04-30,11.0491713217798,NA
"10708",2008-05-01,10.4653184561496,NA
"10709",2008-05-02,9.51313278574151,NA
"10710",2008-05-03,9.2852750857125,NA
"10711",2008-05-04,10.1463497519802,NA
"10712",2008-05-05,10.7903107430981,NA
"10713",2008-05-06,11.5494326338127,NA
"10714",2008-05-07,11.8409935670645,NA
"10715",2008-05-08,12.2146222305172,NA
"10716",2008-05-09,12.7337155252473,NA
"10717",2008-05-10,13.2811318638358,NA
"10718",2008-05-11,13.0547724731102,NA
"10719",2008-05-12,12.88909861236,NA
"10720",2008-05-13,12.6673545468072,NA
"10721",2008-05-14,12.4376621010997,NA
"10722",2008-05-15,12.6393455446522,NA
"10723",2008-05-16,12.3342325109696,NA
"10724",2008-05-17,11.5375913133503,NA
"10725",2008-05-18,11.1850883445728,NA
"10726",2008-05-19,11.350622837268,NA
"10727",2008-05-20,11.4710404393574,NA
"10728",2008-05-21,11.1034305505833,NA
"10729",2008-05-22,10.2074303468846,NA
"10730",2008-05-23,9.4882720187066,NA
"10731",2008-05-24,9.6209414190745,NA
"10732",2008-05-25,10.1981958800471,NA
"10733",2008-05-26,10.5216223574358,NA
"10734",2008-05-27,10.2759485102736,NA
"10735",2008-05-28,10.4232263123731,NA
"10736",2008-05-29,10.6269564239091,NA
"10737",2008-05-30,11.0730462529821,NA
"10738",2008-05-31,11.2051911237826,NA
"10739",2008-06-01,10.7216612777074,NA
"10740",2008-06-02,10.1607159270743,NA
"10741",2008-06-03,10.2010814850264,NA
"10742",2008-06-04,10.681541023923,NA
"10743",2008-06-05,11.0550054495175,NA
"10744",2008-06-06,11.1856023154573,NA
"10745",2008-06-07,11.2734762011461,NA
"10746",2008-06-08,11.6777268112735,NA
"10747",2008-06-09,12.1011969722758,NA
"10748",2008-06-10,12.3714623672757,NA
"10749",2008-06-11,12.319771899996,NA
"10750",2008-06-12,12.2257265031327,NA
"10751",2008-06-13,11.8330605195253,NA
"10752",2008-06-14,11.7113860994892,NA
"10753",2008-06-15,11.1688961059358,NA
"10754",2008-06-16,10.5760699360688,NA
"10755",2008-06-17,10.4692137395499,NA
"10756",2008-06-18,10.4266965822995,NA
"10757",2008-06-19,10.3468087821376,NA
"10758",2008-06-20,10.7608484599719,NA
"10759",2008-06-21,10.9797660645897,NA
"10760",2008-06-22,11.3057623450298,NA
"10761",2008-06-23,11.7571367230446,NA
"10762",2008-06-24,11.5979034127456,NA
"10763",2008-06-25,11.4744487700577,NA
"10764",2008-06-26,11.2874959575368,NA
"10765",2008-06-27,11.1236990411564,NA
"10766",2008-06-28,11.0092434178362,NA
"10767",2008-06-29,10.9109471841423,NA
"10768",2008-06-30,10.4240408949282,NA
"10769",2008-07-01,10.382675059761,NA
"10770",2008-07-02,9.91976806784536,NA
"10771",2008-07-03,9.81537624211815,NA
"10772",2008-07-04,9.38195627578286,NA
"10773",2008-07-05,9.26751481415115,NA
"10774",2008-07-06,9.36296458738415,NA
"10775",2008-07-07,9.05888947803951,NA
"10776",2008-07-08,8.30066953367906,NA
"10777",2008-07-09,8.403257713761,NA
"10778",2008-07-10,8.08564319004414,NA
"10779",2008-07-11,7.96856585938675,NA
"10780",2008-07-12,7.51062594067252,NA
"10781",2008-07-13,7.19656138347829,NA
"10782",2008-07-14,7.7848640758818,NA
"10783",2008-07-15,8.38678485554169,NA
"10784",2008-07-16,8.47814623210459,NA
"10785",2008-07-17,8.67166784664901,NA
"10786",2008-07-18,8.77824090374348,NA
"10787",2008-07-19,9.30274855762636,NA
"10788",2008-07-20,9.27263292477166,NA
"10789",2008-07-21,8.60584759305022,NA
"10790",2008-07-22,8.11395430939868,NA
"10791",2008-07-23,7.5981734363762,NA
"10792",2008-07-24,7.49831392871045,NA
"10793",2008-07-25,7.48907429880037,NA
"10794",2008-07-26,7.19511396043418,NA
"10795",2008-07-27,6.86496498472113,NA
"10796",2008-07-28,6.75647912795523,NA
"10797",2008-07-29,6.84778166983208,NA
"10798",2008-07-30,7.31464113876565,NA
"10799",2008-07-31,7.5230257935629,NA
"10800",2008-08-01,7.68606636832373,NA
"10801",2008-08-02,7.70124097772238,NA
"10802",2008-08-03,8.19893179256519,NA
"10803",2008-08-04,8.35903325397495,NA
"10804",2008-08-05,8.60554069932719,NA
"10805",2008-08-06,8.5933149825407,NA
"10806",2008-08-07,8.36463691068333,NA
"10807",2008-08-08,8.2089094141756,NA
"10808",2008-08-09,7.96274636286513,NA
"10809",2008-08-10,7.40485879590153,NA
"10810",2008-08-11,7.42617442379995,NA
"10811",2008-08-12,7.09089246934989,NA
"10812",2008-08-13,6.93014844099988,NA
"10813",2008-08-14,7.24846619076602,NA
"10814",2008-08-15,7.61610713147529,NA
"10815",2008-08-16,7.78803643799022,NA
"10816",2008-08-17,8.00641740842535,NA
"10817",2008-08-18,7.9918994667827,NA
"10818",2008-08-19,8.50725173934136,NA
"10819",2008-08-20,8.68701062312885,NA
"10820",2008-08-21,8.0212484513004,NA
"10821",2008-08-22,7.39947394721381,NA
"10822",2008-08-23,7.54093535052797,NA
"10823",2008-08-24,7.47599292878607,NA
"10824",2008-08-25,7.6397178428076,NA
"10825",2008-08-26,7.45925467647837,NA
"10826",2008-08-27,7.44781191215355,NA
"10827",2008-08-28,7.95666361149516,NA
"10828",2008-08-29,8.84738668895451,NA
"10829",2008-08-30,9.35021596824047,NA
"10830",2008-08-31,9.5169951636435,NA
"10831",2008-09-01,9.92539723616473,NA
"10832",2008-09-02,10.1165903751373,NA
"10833",2008-09-03,9.97899378026558,NA
"10834",2008-09-04,10.2749387707138,NA
"10835",2008-09-05,10.1431148314512,NA
"10836",2008-09-06,10.1128341049476,NA
"10837",2008-09-07,10.4239600248381,NA
"10838",2008-09-08,10.0392717387814,NA
"10839",2008-09-09,9.7085719093941,NA
"10840",2008-09-10,10.0946999403699,NA
"10841",2008-09-11,10.5403126513766,NA
"10842",2008-09-12,11.5259810510461,NA
"10843",2008-09-13,12.5912579219603,NA
"10844",2008-09-14,12.8968529991554,NA
"10845",2008-09-15,12.8099531476538,NA
"10846",2008-09-16,12.7409671269161,NA
"10847",2008-09-17,12.602900161871,NA
"10848",2008-09-18,12.6047147687961,NA
"10849",2008-09-19,12.2994060746066,NA
"10850",2008-09-20,10.8856743454903,NA
"10851",2008-09-21,11.1234640782266,NA
"10852",2008-09-22,11.4353931912458,NA
"10853",2008-09-23,11.7678506536133,NA
"10854",2008-09-24,12.0162123321285,NA
"10855",2008-09-25,12.3789085340507,NA
"10856",2008-09-26,12.6065010557365,NA
"10857",2008-09-27,14.0930433772941,NA
"10858",2008-09-28,14.01535161825,NA
"10859",2008-09-29,13.7846542585174,NA
"10860",2008-09-30,13.8788402409827,NA
"10861",2008-10-01,14.658157314974,NA
"10862",2008-10-02,14.842686080456,NA
"10863",2008-10-03,14.4643911083297,NA
"10864",2008-10-04,12.8900229440777,NA
"10865",2008-10-05,12.8740673173725,NA
"10866",2008-10-06,12.7921950606428,NA
"10867",2008-10-07,12.797918452324,NA
"10868",2008-10-08,11.7217726046859,NA
"10869",2008-10-09,10.8882756446023,NA
"10870",2008-10-10,11.2020628010346,NA
"10871",2008-10-11,12.6143713032464,NA
"10872",2008-10-12,14.2084044811157,NA
"10873",2008-10-13,14.8780823877018,NA
"10874",2008-10-14,15.003367247117,NA
"10875",2008-10-15,15.5521058470085,NA
"10876",2008-10-16,16.0459533809206,NA
"10877",2008-10-17,16.4473320342461,NA
"10878",2008-10-18,17.0649040648999,NA
"10879",2008-10-19,15.6454943377562,NA
"10880",2008-10-20,15.4490024502235,NA
"10881",2008-10-21,15.3943875981873,NA
"10882",2008-10-22,14.7299382496283,NA
"10883",2008-10-23,14.4968790244786,NA
"10884",2008-10-24,14.2429777903273,NA
"10885",2008-10-25,14.4408690838177,NA
"10886",2008-10-26,15.7252347371267,NA
"10887",2008-10-27,16.3523097611573,NA
"10888",2008-10-28,16.723342796643,NA
"10889",2008-10-29,18.0408418677563,NA
"10890",2008-10-30,19.0056336799543,NA
"10891",2008-10-31,18.7240076680098,NA
"10892",2008-11-01,17.6014908135244,NA
"10893",2008-11-02,17.1932697812014,NA
"10894",2008-11-03,16.8400755467684,NA
"10895",2008-11-04,16.5496206875118,NA
"10896",2008-11-05,16.4136248981498,NA
"10897",2008-11-06,15.7684441449968,NA
"10898",2008-11-07,15.6044962872261,NA
"10899",2008-11-08,15.3923889397529,NA
"10900",2008-11-09,15.1927144196432,NA
"10901",2008-11-10,16.0444661697757,NA
"10902",2008-11-11,17.7277714809907,NA
"10903",2008-11-12,18.6964967123129,NA
"10904",2008-11-13,19.4937854631333,NA
"10905",2008-11-14,19.6314363442446,NA
"10906",2008-11-15,19.7509815933326,NA
"10907",2008-11-16,19.096508411384,NA
"10908",2008-11-17,18.5300052384042,NA
"10909",2008-11-18,17.5628542354378,NA
"10910",2008-11-19,16.3018505689664,NA
"10911",2008-11-20,14.6945975591823,NA
"10912",2008-11-21,14.1435020874246,NA
"10913",2008-11-22,13.6021833373152,NA
"10914",2008-11-23,13.8423762027603,NA
"10915",2008-11-24,13.798012990935,NA
"10916",2008-11-25,14.1800884242288,NA
"10917",2008-11-26,14.8738318433027,NA
"10918",2008-11-27,15.9382038368498,NA
"10919",2008-11-28,16.5089972253031,NA
"10920",2008-11-29,16.8420569635033,NA
"10921",2008-11-30,17.3333187737433,NA
"10922",2008-12-01,17.3626918766758,NA
"10923",2008-12-02,17.0688121847286,NA
"10924",2008-12-03,16.1234620115374,NA
"10925",2008-12-04,16.1325334026293,NA
"10926",2008-12-05,17.0587907985535,NA
"10927",2008-12-06,17.574330886044,NA
"10928",2008-12-07,17.2220771611863,NA
"10929",2008-12-08,17.5936280290733,NA
"10930",2008-12-09,17.3637453654081,NA
"10931",2008-12-10,17.2449048891832,NA
"10932",2008-12-11,17.0558759608482,NA
"10933",2008-12-12,16.4062526323405,NA
"10934",2008-12-13,15.9953262989438,NA
"10935",2008-12-14,15.9988073600112,NA
"10936",2008-12-15,15.8307523086363,NA
"10937",2008-12-16,16.1481262456069,NA
"10938",2008-12-17,16.5222366667098,NA
"10939",2008-12-18,15.8055724107237,NA
"10940",2008-12-19,15.2004605163471,NA
"10941",2008-12-20,15.5652144932344,NA
"10942",2008-12-21,16.8862639475959,NA
"10943",2008-12-22,17.8271934298711,NA
"10944",2008-12-23,17.5891069794737,NA
"10945",2008-12-24,17.9519176937765,NA
"10946",2008-12-25,18.705846494552,NA
"10947",2008-12-26,19.8575804040362,NA
"10948",2008-12-27,20.2207750100377,NA
"10949",2008-12-28,19.9453777528029,NA
"10950",2008-12-29,19.3706759001788,NA
"10951",2008-12-30,19.5986513016056,NA
"10952",2008-12-31,19.4645962515156,NA
"10953",2009-01-01,18.7304338646681,NA
"10954",2009-01-02,17.3956096028747,NA
"10955",2009-01-03,16.880481855723,NA
"10956",2009-01-04,16.8935786886084,NA
"10957",2009-01-05,17.7082927999657,NA
"10958",2009-01-06,18.5251805957348,NA
"10959",2009-01-07,18.4993201705356,NA
"10960",2009-01-08,18.518748961578,NA
"10961",2009-01-09,18.9567667779311,NA
"10962",2009-01-10,19.1796560563685,NA
"10963",2009-01-11,18.9117389886234,NA
"10964",2009-01-12,18.4931670925331,NA
"10965",2009-01-13,19.1623851216227,NA
"10966",2009-01-14,19.8275034492695,NA
"10967",2009-01-15,20.2851205062088,NA
"10968",2009-01-16,20.2469789564492,NA
"10969",2009-01-17,19.916429495091,NA
"10970",2009-01-18,20.213741941315,NA
"10971",2009-01-19,20.9058331504226,NA
"10972",2009-01-20,20.5288529269651,NA
"10973",2009-01-21,20.8575114269867,NA
"10974",2009-01-22,21.185554837153,NA
"10975",2009-01-23,21.7840326137783,NA
"10976",2009-01-24,21.9299024991505,NA
"10977",2009-01-25,21.9034015247783,NA
"10978",2009-01-26,21.4390119103876,NA
"10979",2009-01-27,21.7327066362091,NA
"10980",2009-01-28,22.2087824625967,NA
"10981",2009-01-29,22.8092879157886,NA
"10982",2009-01-30,23.0957150574749,NA
"10983",2009-01-31,23.2412341374909,NA
"10984",2009-02-01,23.2386281494859,NA
"10985",2009-02-02,23.2154359040067,NA
"10986",2009-02-03,23.2466497539804,NA
"10987",2009-02-04,23.1980278001519,NA
"10988",2009-02-05,22.9699907502846,NA
"10989",2009-02-06,22.8624266011911,NA
"10990",2009-02-07,22.9885398761156,NA
"10991",2009-02-08,22.6365456934238,NA
"10992",2009-02-09,22.1456191976941,NA
"10993",2009-02-10,21.5510922828447,NA
"10994",2009-02-11,20.4231447715217,NA
"10995",2009-02-12,19.5844538253281,NA
"10996",2009-02-13,18.4785604926502,NA
"10997",2009-02-14,17.1567437451979,NA
"10998",2009-02-15,17.6180826248716,NA
"10999",2009-02-16,18.5933130092919,NA
"11000",2009-02-17,19.6065594906509,NA
"11001",2009-02-18,20.462844386801,NA
"11002",2009-02-19,21.2600812013536,NA
"11003",2009-02-20,21.2417367125314,NA
"11004",2009-02-21,21.0180284049749,NA
"11005",2009-02-22,21.0270093160279,NA
"11006",2009-02-23,20.8820880014846,NA
"11007",2009-02-24,20.188350956559,NA
"11008",2009-02-25,19.6321750227335,NA
"11009",2009-02-26,19.4769008525758,NA
"11010",2009-02-27,19.9643209318277,NA
"11011",2009-02-28,19.8644678148294,NA
"11012",2009-03-01,19.274108411293,NA
"11013",2009-03-02,19.5089500693731,NA
"11014",2009-03-03,19.9881603097322,NA
"11015",2009-03-04,19.6570262695202,NA
"11016",2009-03-05,18.540902468113,NA
"11017",2009-03-06,17.433772140137,NA
"11018",2009-03-07,17.2778571706069,NA
"11019",2009-03-08,17.1730734721302,NA
"11020",2009-03-09,16.8004150850267,NA
"11021",2009-03-10,17.0287943984263,NA
"11022",2009-03-11,18.2104380448414,NA
"11023",2009-03-12,18.879590852245,NA
"11024",2009-03-13,19.6864184055939,NA
"11025",2009-03-14,19.5596185728043,NA
"11026",2009-03-15,19.424509541224,NA
"11027",2009-03-16,18.8482900894501,NA
"11028",2009-03-17,18.0052629218217,NA
"11029",2009-03-18,17.4824631968971,NA
"11030",2009-03-19,17.8937604754956,NA
"11031",2009-03-20,18.0529741818991,NA
"11032",2009-03-21,19.4734645633985,NA
"11033",2009-03-22,20.0904625796186,NA
"11034",2009-03-23,20.0471211867846,NA
"11035",2009-03-24,20.5234071227182,NA
"11036",2009-03-25,20.5490067535528,NA
"11037",2009-03-26,20.021095117157,NA
"11038",2009-03-27,19.0498009917073,NA
"11039",2009-03-28,18.0441298975477,NA
"11040",2009-03-29,18.0758981678337,NA
"11041",2009-03-30,18.5642103786645,NA
"11042",2009-03-31,18.7253463350437,NA
"11043",2009-04-01,19.0332444662609,NA
"11044",2009-04-02,19.8932263222588,NA
"11045",2009-04-03,19.9266083408189,NA
"11046",2009-04-04,19.3044063134702,NA
"11047",2009-04-05,18.4345015272707,NA
"11048",2009-04-06,17.5798770910037,NA
"11049",2009-04-07,16.565236060344,NA
"11050",2009-04-08,15.4879932422739,NA
"11051",2009-04-09,14.4694470069707,NA
"11052",2009-04-10,14.7246869120806,NA
"11053",2009-04-11,15.2153171094808,NA
"11054",2009-04-12,15.7138049953062,NA
"11055",2009-04-13,16.545300338859,NA
"11056",2009-04-14,17.2116453666702,NA
"11057",2009-04-15,16.5789737193727,NA
"11058",2009-04-16,16.1135667129494,NA
"11059",2009-04-17,15.8275064810626,NA
"11060",2009-04-18,15.6828676479404,NA
"11061",2009-04-19,15.3486857128901,NA
"11062",2009-04-20,14.9159926383964,NA
"11063",2009-04-21,14.3920516136091,NA
"11064",2009-04-22,15.2383901476547,NA
"11065",2009-04-23,15.7158694493884,NA
"11066",2009-04-24,15.5763797679393,NA
"11067",2009-04-25,14.9381437223577,NA
"11068",2009-04-26,14.2212091484908,NA
"11069",2009-04-27,13.3159701725412,NA
"11070",2009-04-28,12.1628856322854,NA
"11071",2009-04-29,10.6845038816397,NA
"11072",2009-04-30,9.40840115726063,NA
"11073",2009-05-01,9.08294620263347,NA
"11074",2009-05-02,9.07449776320783,NA
"11075",2009-05-03,9.63497731528329,NA
"11076",2009-05-04,9.92889331200219,NA
"11077",2009-05-05,10.4666243071379,NA
"11078",2009-05-06,11.3653524256694,NA
"11079",2009-05-07,11.7913137817987,NA
"11080",2009-05-08,11.9516352245584,NA
"11081",2009-05-09,12.2432695351435,NA
"11082",2009-05-10,12.189357056836,NA
"11083",2009-05-11,12.4048088092994,NA
"11084",2009-05-12,12.3379513101943,NA
"11085",2009-05-13,12.3482933742471,NA
"11086",2009-05-14,12.5423982186637,NA
"11087",2009-05-15,12.7959131485106,NA
"11088",2009-05-16,12.4995671936491,NA
"11089",2009-05-17,12.4414472217254,NA
"11090",2009-05-18,12.2986373131747,NA
"11091",2009-05-19,12.7718840790856,NA
"11092",2009-05-20,13.0741188374252,NA
"11093",2009-05-21,12.7392804701475,NA
"11094",2009-05-22,12.688224244223,NA
"11095",2009-05-23,13.6775073065422,NA
"11096",2009-05-24,14.5414509082338,NA
"11097",2009-05-25,14.9946704163008,NA
"11098",2009-05-26,14.5237193500277,NA
"11099",2009-05-27,13.9824242488858,NA
"11100",2009-05-28,13.6108314533633,NA
"11101",2009-05-29,12.9275889128347,NA
"11102",2009-05-30,11.7675442710095,NA
"11103",2009-05-31,10.881822813864,NA
"11104",2009-06-01,10.3886849804852,NA
"11105",2009-06-02,10.6927487888661,NA
"11106",2009-06-03,11.1662800934451,NA
"11107",2009-06-04,11.3675465163207,NA
"11108",2009-06-05,11.3653687496299,NA
"11109",2009-06-06,11.282517962005,NA
"11110",2009-06-07,10.9400024794612,NA
"11111",2009-06-08,10.3443122393192,NA
"11112",2009-06-09,9.33465177953915,NA
"11113",2009-06-10,8.06344106181795,NA
"11114",2009-06-11,7.37455919115971,NA
"11115",2009-06-12,6.90134547533628,NA
"11116",2009-06-13,6.80196291688335,NA
"11117",2009-06-14,6.85774872775805,NA
"11118",2009-06-15,7.19202696672228,NA
"11119",2009-06-16,7.50387971276011,NA
"11120",2009-06-17,7.95575289299395,NA
"11121",2009-06-18,8.33243099045012,NA
"11122",2009-06-19,8.86076302653876,NA
"11123",2009-06-20,9.24238225593117,NA
"11124",2009-06-21,9.48618872301565,NA
"11125",2009-06-22,9.70369903876192,NA
"11126",2009-06-23,10.1641975034167,NA
"11127",2009-06-24,10.1252526653204,NA
"11128",2009-06-25,10.1751573358665,NA
"11129",2009-06-26,10.1115475060263,NA
"11130",2009-06-27,9.70686230212764,NA
"11131",2009-06-28,9.58946441215434,NA
"11132",2009-06-29,9.87563172801321,NA
"11133",2009-06-30,9.94806786462457,NA
"11134",2009-07-01,10.2533133975328,NA
"11135",2009-07-02,10.2401315178503,NA
"11136",2009-07-03,10.2021107098076,NA
"11137",2009-07-04,10.4045901598101,NA
"11138",2009-07-05,9.88319968478902,NA
"11139",2009-07-06,9.05404068923755,NA
"11140",2009-07-07,8.20336071947616,NA
"11141",2009-07-08,7.7382535507971,NA
"11142",2009-07-09,7.72951538330119,NA
"11143",2009-07-10,7.97205662271635,NA
"11144",2009-07-11,8.04964028079511,NA
"11145",2009-07-12,8.47799481226524,NA
"11146",2009-07-13,8.56175728783393,NA
"11147",2009-07-14,8.82028558518898,NA
"11148",2009-07-15,8.89604355121168,NA
"11149",2009-07-16,8.69930136746641,NA
"11150",2009-07-17,8.2143906400898,NA
"11151",2009-07-18,8.06408318408584,NA
"11152",2009-07-19,8.19595429349705,NA
"11153",2009-07-20,8.77606209851183,NA
"11154",2009-07-21,9.45119030788976,NA
"11155",2009-07-22,9.67367967572081,NA
"11156",2009-07-23,9.46780143657171,NA
"11157",2009-07-24,9.48231008798966,NA
"11158",2009-07-25,9.07718106581854,NA
"11159",2009-07-26,8.60141821902132,NA
"11160",2009-07-27,8.03660208509462,NA
"11161",2009-07-28,7.78659301377155,NA
"11162",2009-07-29,8.06536394703223,NA
"11163",2009-07-30,8.77110647924676,NA
"11164",2009-07-31,9.14208556686491,NA
"11165",2009-08-01,9.79305291889536,NA
"11166",2009-08-02,10.2756466596493,NA
"11167",2009-08-03,10.3744217171206,NA
"11168",2009-08-04,10.2807520780043,NA
"11169",2009-08-05,10.2984609410379,NA
"11170",2009-08-06,10.863903796991,NA
"11171",2009-08-07,10.1282907098183,NA
"11172",2009-08-08,9.55076652050068,NA
"11173",2009-08-09,9.20095868209652,NA
"11174",2009-08-10,9.39969546936461,NA
"11175",2009-08-11,9.37546477693337,NA
"11176",2009-08-12,9.33538750955145,NA
"11177",2009-08-13,8.71715635564604,NA
"11178",2009-08-14,9.50931659720683,NA
"11179",2009-08-15,10.571134572157,NA
"11180",2009-08-16,10.7724364570586,NA
"11181",2009-08-17,10.5248375196513,NA
"11182",2009-08-18,10.5335394741576,NA
"11183",2009-08-19,10.7746095021,NA
"11184",2009-08-20,11.1566329447273,NA
"11185",2009-08-21,10.7182168711475,NA
"11186",2009-08-22,10.1466062022495,NA
"11187",2009-08-23,10.6884042133084,NA
"11188",2009-08-24,10.8239217350186,NA
"11189",2009-08-25,10.4468975399001,NA
"11190",2009-08-26,10.2315126804659,NA
"11191",2009-08-27,10.0790394118408,NA
"11192",2009-08-28,10.9982100137845,NA
"11193",2009-08-29,10.859010441602,NA
"11194",2009-08-30,10.3183796908628,NA
"11195",2009-08-31,10.2977998898053,NA
"11196",2009-09-01,10.6567696549801,NA
"11197",2009-09-02,11.0613076002657,NA
"11198",2009-09-03,11.1005404414334,NA
"11199",2009-09-04,10.0806100866645,NA
"11200",2009-09-05,10.0710397288631,NA
"11201",2009-09-06,10.3235897679113,NA
"11202",2009-09-07,10.6064947699841,NA
"11203",2009-09-08,10.6794892045794,NA
"11204",2009-09-09,10.0865754985363,NA
"11205",2009-09-10,9.75986015085949,NA
"11206",2009-09-11,11.1751107575499,NA
"11207",2009-09-12,13.2046645580778,NA
"11208",2009-09-13,13.1234677583728,NA
"11209",2009-09-14,12.736177984876,NA
"11210",2009-09-15,12.8736480581754,NA
"11211",2009-09-16,13.9691107050506,NA
"11212",2009-09-17,14.040910376512,NA
"11213",2009-09-18,13.4430447162716,NA
"11214",2009-09-19,11.926741883322,NA
"11215",2009-09-20,11.8907905819176,NA
"11216",2009-09-21,12.6839010088567,NA
"11217",2009-09-22,13.0497679950877,NA
"11218",2009-09-23,12.3312626791124,NA
"11219",2009-09-24,12.670109094663,NA
"11220",2009-09-25,12.2034574171212,NA
"11221",2009-09-26,11.4278439065484,NA
"11222",2009-09-27,11.1725820094317,NA
"11223",2009-09-28,10.4164613541361,NA
"11224",2009-09-29,10.2437704665002,NA
"11225",2009-09-30,11.1006693621712,NA
"11226",2009-10-01,11.1449762778094,NA
"11227",2009-10-02,11.2556202116366,NA
"11228",2009-10-03,11.9344185995445,NA
"11229",2009-10-04,12.4025613553079,NA
"11230",2009-10-05,12.7219674703187,NA
"11231",2009-10-06,12.0715805992987,NA
"11232",2009-10-07,10.6793896789031,NA
"11233",2009-10-08,10.0639333153527,NA
"11234",2009-10-09,10.0874852791877,NA
"11235",2009-10-10,10.0670281710726,NA
"11236",2009-10-11,10.5153709407815,NA
"11237",2009-10-12,10.5889625885304,NA
"11238",2009-10-13,11.0909518454923,NA
"11239",2009-10-14,11.6590946746347,NA
"11240",2009-10-15,11.7572124401511,NA
"11241",2009-10-16,12.0144814743983,NA
"11242",2009-10-17,11.8490457858223,NA
"11243",2009-10-18,11.4045526306907,NA
"11244",2009-10-19,12.0897643599389,NA
"11245",2009-10-20,13.3178855114524,NA
"11246",2009-10-21,13.3722563550344,NA
"11247",2009-10-22,14.0655576821401,NA
"11248",2009-10-23,14.0789392413837,NA
"11249",2009-10-24,14.7563848585979,NA
"11250",2009-10-25,14.5308134818465,NA
"11251",2009-10-26,14.1380277359441,NA
"11252",2009-10-27,13.7826192065574,NA
"11253",2009-10-28,14.4467783067329,NA
"11254",2009-10-29,15.7713989760383,NA
"11255",2009-10-30,17.2715263443351,NA
"11256",2009-10-31,18.5084804911547,NA
"11257",2009-11-01,19.6072194505259,NA
"11258",2009-11-02,20.6831508224215,NA
"11259",2009-11-03,20.4512121948973,NA
"11260",2009-11-04,20.0837854306166,NA
"11261",2009-11-05,18.9132695590866,NA
"11262",2009-11-06,18.5218610552615,NA
"11263",2009-11-07,18.3428934295184,NA
"11264",2009-11-08,19.0066905970804,NA
"11265",2009-11-09,19.3262114543434,NA
"11266",2009-11-10,20.6348860246043,NA
"11267",2009-11-11,21.7433009057098,NA
"11268",2009-11-12,22.3509352957461,NA
"11269",2009-11-13,22.5144337392231,NA
"11270",2009-11-14,22.4822017235786,NA
"11271",2009-11-15,22.3770506627993,NA
"11272",2009-11-16,21.8191197079368,NA
"11273",2009-11-17,21.0883044483625,NA
"11274",2009-11-18,21.2254779935482,NA
"11275",2009-11-19,21.7847329892287,NA
"11276",2009-11-20,21.8108944623342,NA
"11277",2009-11-21,21.6108368802545,NA
"11278",2009-11-22,20.8021203325302,NA
"11279",2009-11-23,20.5850042389742,NA
"11280",2009-11-24,20.8072364220157,NA
"11281",2009-11-25,20.3292384093004,NA
"11282",2009-11-26,19.4236347119738,NA
"11283",2009-11-27,19.2046024961828,NA
"11284",2009-11-28,18.6258827191118,NA
"11285",2009-11-29,18.8051523112689,NA
"11286",2009-11-30,18.685638465261,NA
"11287",2009-12-01,18.150045025631,NA
"11288",2009-12-02,17.8805574869689,NA
"11289",2009-12-03,17.5575477126984,NA
"11290",2009-12-04,17.0013648833955,NA
"11291",2009-12-05,17.1576214231935,NA
"11292",2009-12-06,17.6942789258753,NA
"11293",2009-12-07,18.2598081079712,NA
"11294",2009-12-08,17.7542440522408,NA
"11295",2009-12-09,17.4171890212152,NA
"11296",2009-12-10,16.8691352189349,NA
"11297",2009-12-11,16.7474009281865,NA
"11298",2009-12-12,16.9564344266727,NA
"11299",2009-12-13,16.5111083663946,NA
"11300",2009-12-14,16.1363514146746,NA
"11301",2009-12-15,17.7860197374736,NA
"11302",2009-12-16,19.1728143871067,NA
"11303",2009-12-17,19.4491359681119,NA
"11304",2009-12-18,19.7392062074785,NA
"11305",2009-12-19,19.5575530197322,NA
"11306",2009-12-20,19.6784112257595,NA
"11307",2009-12-21,20.2499846497651,NA
"11308",2009-12-22,20.1467876233283,NA
"11309",2009-12-23,20.3571522521833,NA
"11310",2009-12-24,20.5712347854144,NA
"11311",2009-12-25,20.261916843459,NA
"11312",2009-12-26,20.3449795637531,NA
"11313",2009-12-27,20.5707638074554,NA
"11314",2009-12-28,20.4333254129699,NA
"11315",2009-12-29,20.2946281960709,NA
"11316",2009-12-30,20.063437112276,NA
"11317",2009-12-31,20.89312821762,NA
"11318",2010-01-01,21.4461662089557,NA
"11319",2010-01-02,21.3827525261395,NA
"11320",2010-01-03,21.0261702140313,NA
"11321",2010-01-04,21.068299635748,NA
"11322",2010-01-05,20.989066427208,NA
"11323",2010-01-06,19.8118078683194,NA
"11324",2010-01-07,19.0327184644681,NA
"11325",2010-01-08,19.6781003011245,NA
"11326",2010-01-09,20.6831513129471,NA
"11327",2010-01-10,21.7642735450398,NA
"11328",2010-01-11,22.6361596688131,NA
"11329",2010-01-12,22.716185482105,NA
"11330",2010-01-13,22.661711170125,NA
"11331",2010-01-14,22.5478526395443,NA
"11332",2010-01-15,22.2979574696718,NA
"11333",2010-01-16,21.9972177408639,NA
"11334",2010-01-17,20.9003164970299,NA
"11335",2010-01-18,18.5741483582534,NA
"11336",2010-01-19,18.0072620598123,NA
"11337",2010-01-20,18.7236296880125,NA
"11338",2010-01-21,19.8526950591467,NA
"11339",2010-01-22,20.3161665529377,NA
"11340",2010-01-23,19.710730515231,NA
"11341",2010-01-24,20.0665613566301,NA
"11342",2010-01-25,20.70176215454,NA
"11343",2010-01-26,20.9865060724037,NA
"11344",2010-01-27,20.5303388630655,NA
"11345",2010-01-28,19.9244585952322,NA
"11346",2010-01-29,18.7794167644868,NA
"11347",2010-01-30,20.2299862629916,NA
"11348",2010-01-31,20.7308221029075,NA
"11349",2010-02-01,20.90619294316,NA
"11350",2010-02-02,21.4270924973852,NA
"11351",2010-02-03,22.2746142407649,NA
"11352",2010-02-04,22.2050403595961,NA
"11353",2010-02-05,22.1584432482452,NA
"11354",2010-02-06,21.6122253300635,NA
"11355",2010-02-07,21.8622596014342,NA
"11356",2010-02-08,22.2580149933828,NA
"11357",2010-02-09,22.288671253247,NA
"11358",2010-02-10,22.0321910324062,NA
"11359",2010-02-11,22.2137811001396,NA
"11360",2010-02-12,22.3276806217022,NA
"11361",2010-02-13,22.2339677314314,NA
"11362",2010-02-14,21.95288636157,NA
"11363",2010-02-15,21.3435348370946,NA
"11364",2010-02-16,20.7050216144389,NA
"11365",2010-02-17,20.1978041188735,NA
"11366",2010-02-18,19.9166084737805,NA
"11367",2010-02-19,20.5790305544599,NA
"11368",2010-02-20,21.4210277580694,NA
"11369",2010-02-21,21.6967161721523,NA
"11370",2010-02-22,21.6239429404536,NA
"11371",2010-02-23,21.2967761003405,NA
"11372",2010-02-24,21.0790997153251,NA
"11373",2010-02-25,21.1714322709485,NA
"11374",2010-02-26,21.2895230270665,NA
"11375",2010-02-27,20.2042626063848,NA
"11376",2010-02-28,18.988922492147,NA
"11377",2010-03-01,18.6268262442819,NA
"11378",2010-03-02,18.7376160770827,NA
"11379",2010-03-03,19.2511871371291,NA
"11380",2010-03-04,19.4896371571644,NA
"11381",2010-03-05,18.9003214997763,NA
"11382",2010-03-06,19.2558090413288,NA
"11383",2010-03-07,19.6752925063671,NA
"11384",2010-03-08,19.771550916295,NA
"11385",2010-03-09,19.5078891483058,NA
"11386",2010-03-10,18.6103194462574,NA
"11387",2010-03-11,17.5660288509747,NA
"11388",2010-03-12,17.2514257686617,NA
"11389",2010-03-13,17.1819497929699,NA
"11390",2010-03-14,17.3395185508749,NA
"11391",2010-03-15,18.0192102858827,NA
"11392",2010-03-16,19.0919507878261,NA
"11393",2010-03-17,20.2427989968835,NA
"11394",2010-03-18,21.1118675618421,NA
"11395",2010-03-19,21.3636537988617,NA
"11396",2010-03-20,21.4602169425826,NA
"11397",2010-03-21,21.2276681011767,NA
"11398",2010-03-22,20.7009833918821,NA
"11399",2010-03-23,20.2034696646397,NA
"11400",2010-03-24,19.4527479850412,NA
"11401",2010-03-25,19.1231856233931,NA
"11402",2010-03-26,19.0708537271823,NA
"11403",2010-03-27,19.0322969426135,NA
"11404",2010-03-28,19.4279472063157,NA
"11405",2010-03-29,19.6078696232717,NA
"11406",2010-03-30,19.2633747373036,NA
"11407",2010-03-31,19.2189437749718,NA
"11408",2010-04-01,18.7102393308853,NA
"11409",2010-04-02,17.9549780073806,NA
"11410",2010-04-03,17.4826692950706,NA
"11411",2010-04-04,17.2729645348519,NA
"11412",2010-04-05,17.6231043171991,NA
"11413",2010-04-06,18.1569377496733,NA
"11414",2010-04-07,18.3327689419907,NA
"11415",2010-04-08,18.1768283787988,NA
"11416",2010-04-09,18.3184717175266,NA
"11417",2010-04-10,18.2704150904199,NA
"11418",2010-04-11,17.4152718300551,NA
"11419",2010-04-12,16.3707638967269,NA
"11420",2010-04-13,15.4647887195841,NA
"11421",2010-04-14,14.7852125603125,NA
"11422",2010-04-15,14.5393097250173,NA
"11423",2010-04-16,14.6618257531992,NA
"11424",2010-04-17,15.1099666635342,NA
"11425",2010-04-18,16.1901887415624,NA
"11426",2010-04-19,17.280535963724,NA
"11427",2010-04-20,18.2372737425634,NA
"11428",2010-04-21,18.8932335551258,NA
"11429",2010-04-22,19.662995208887,NA
"11430",2010-04-23,19.9907871803788,NA
"11431",2010-04-24,19.4916818791997,NA
"11432",2010-04-25,18.5866332125533,NA
"11433",2010-04-26,17.7060828644708,NA
"11434",2010-04-27,16.3413061182152,NA
"11435",2010-04-28,15.610532929937,NA
"11436",2010-04-29,14.3425211478929,NA
"11437",2010-04-30,12.9351465060966,NA
"11438",2010-05-01,12.7718353089999,NA
"11439",2010-05-02,12.8798951300368,NA
"11440",2010-05-03,13.3251290514097,NA
"11441",2010-05-04,13.6269939663341,NA
"11442",2010-05-05,13.1861797968025,NA
"11443",2010-05-06,12.969637569732,NA
"11444",2010-05-07,13.531650418673,NA
"11445",2010-05-08,13.4816283722505,NA
"11446",2010-05-09,13.7749379790803,NA
"11447",2010-05-10,13.4149293431674,NA
"11448",2010-05-11,12.7925636915675,NA
"11449",2010-05-12,12.5260944074396,NA
"11450",2010-05-13,12.4569694477471,NA
"11451",2010-05-14,11.8471854453727,NA
"11452",2010-05-15,11.2230242769063,NA
"11453",2010-05-16,10.6071214186499,NA
"11454",2010-05-17,10.0065888564978,NA
"11455",2010-05-18,10.2863162699672,NA
"11456",2010-05-19,10.3890334634559,NA
"11457",2010-05-20,10.5024216301034,NA
"11458",2010-05-21,10.0783587664514,NA
"11459",2010-05-22,9.75255934376827,NA
"11460",2010-05-23,9.93332995458905,NA
"11461",2010-05-24,10.2780906634622,NA
"11462",2010-05-25,10.7571684800956,NA
"11463",2010-05-26,11.1752335479826,NA
"11464",2010-05-27,11.3365900277756,NA
"11465",2010-05-28,12.0957454100546,NA
"11466",2010-05-29,13.0323188500505,NA
"11467",2010-05-30,13.2651127161716,NA
"11468",2010-05-31,13.0925056880342,NA
"11469",2010-06-01,12.9545304101497,NA
"11470",2010-06-02,12.5923247255051,NA
"11471",2010-06-03,12.0665199906782,NA
"11472",2010-06-04,11.3782521535933,NA
"11473",2010-06-05,10.7228867363101,NA
"11474",2010-06-06,10.033461424338,NA
"11475",2010-06-07,9.58491724003613,NA
"11476",2010-06-08,9.0721374224761,NA
"11477",2010-06-09,8.67996113664444,NA
"11478",2010-06-10,8.82237590808819,NA
"11479",2010-06-11,8.81006820906587,NA
"11480",2010-06-12,8.74609956055672,NA
"11481",2010-06-13,8.7244094257953,NA
"11482",2010-06-14,8.46819593688137,NA
"11483",2010-06-15,8.14455506894801,NA
"11484",2010-06-16,8.75012327916181,NA
"11485",2010-06-17,8.41588640053118,NA
"11486",2010-06-18,8.77490608808074,NA
"11487",2010-06-19,9.2210208506081,NA
"11488",2010-06-20,9.3147427269903,NA
"11489",2010-06-21,9.38443306304204,NA
"11490",2010-06-22,9.70411940618749,NA
"11491",2010-06-23,9.53432192657163,NA
"11492",2010-06-24,10.2790172219291,NA
"11493",2010-06-25,9.98159337742733,NA
"11494",2010-06-26,9.23283739524577,NA
"11495",2010-06-27,8.59025698815502,NA
"11496",2010-06-28,8.45753618882238,NA
"11497",2010-06-29,8.08442010635324,NA
"11498",2010-06-30,7.52397044243604,NA
"11499",2010-07-01,6.73437485830393,NA
"11500",2010-07-02,6.55317872626083,NA
"11501",2010-07-03,6.7699710701622,NA
"11502",2010-07-04,7.21099347769619,NA
"11503",2010-07-05,7.13566423881677,NA
"11504",2010-07-06,7.10674915124824,NA
"11505",2010-07-07,7.32911506904381,NA
"11506",2010-07-08,7.18482844808601,NA
"11507",2010-07-09,7.50541181800018,NA
"11508",2010-07-10,7.85282921754922,NA
"11509",2010-07-11,8.06359046381653,NA
"11510",2010-07-12,8.68998189017287,NA
"11511",2010-07-13,9.38950925780226,NA
"11512",2010-07-14,9.21674779766754,NA
"11513",2010-07-15,9.55531619582522,NA
"11514",2010-07-16,9.28638696133124,NA
"11515",2010-07-17,8.8640193580679,NA
"11516",2010-07-18,8.65319455303665,NA
"11517",2010-07-19,7.87141719324742,NA
"11518",2010-07-20,7.20763352586259,NA
"11519",2010-07-21,7.14960352272975,NA
"11520",2010-07-22,7.3247018009952,NA
"11521",2010-07-23,7.3974289427588,NA
"11522",2010-07-24,7.35444020857613,NA
"11523",2010-07-25,7.3226889010205,NA
"11524",2010-07-26,7.67477387683199,NA
"11525",2010-07-27,7.9753463910122,NA
"11526",2010-07-28,8.48156799125746,NA
"11527",2010-07-29,8.69068099087934,NA
"11528",2010-07-30,9.16833895152556,NA
"11529",2010-07-31,9.69139420640801,NA
"11530",2010-08-01,9.75059428781197,NA
"11531",2010-08-02,10.1387946948007,NA
"11532",2010-08-03,10.230685920045,NA
"11533",2010-08-04,9.69677924265502,NA
"11534",2010-08-05,9.14602990437479,NA
"11535",2010-08-06,8.38941511497567,NA
"11536",2010-08-07,7.86936955570238,NA
"11537",2010-08-08,7.838872642002,NA
"11538",2010-08-09,7.66287085499007,NA
"11539",2010-08-10,7.67745796737793,NA
"11540",2010-08-11,7.92618289245428,NA
"11541",2010-08-12,8.23841134901473,NA
"11542",2010-08-13,8.78856140575708,NA
"11543",2010-08-14,9.25635249820781,NA
"11544",2010-08-15,9.45313552188599,NA
"11545",2010-08-16,9.04880832120032,NA
"11546",2010-08-17,8.87418112822318,NA
"11547",2010-08-18,8.88139569716667,NA
"11548",2010-08-19,8.52380263514023,NA
"11549",2010-08-20,8.07066638536175,NA
"11550",2010-08-21,7.59396566926072,NA
"11551",2010-08-22,7.52034403031956,NA
"11552",2010-08-23,8.09877364840974,NA
"11553",2010-08-24,7.88139596381367,NA
"11554",2010-08-25,7.52652460162122,NA
"11555",2010-08-26,7.62103562493378,NA
"11556",2010-08-27,7.64857321784393,NA
"11557",2010-08-28,7.95722078629135,NA
"11558",2010-08-29,7.93356887381045,NA
"11559",2010-08-30,8.12303527054247,NA
"11560",2010-08-31,8.83302181386109,NA
"11561",2010-09-01,9.44576537038834,NA
"11562",2010-09-02,9.47021550896778,NA
"11563",2010-09-03,10.3716901335212,NA
"11564",2010-09-04,10.8277153114891,NA
"11565",2010-09-05,11.1271695822872,NA
"11566",2010-09-06,10.7603267995612,NA
"11567",2010-09-07,10.4059286268649,NA
"11568",2010-09-08,10.6001673405864,NA
"11569",2010-09-09,11.1450353783075,NA
"11570",2010-09-10,10.4374963559555,NA
"11571",2010-09-11,10.2129277093533,NA
"11572",2010-09-12,10.264354070993,NA
"11573",2010-09-13,10.506068285096,NA
"11574",2010-09-14,10.5956547223745,NA
"11575",2010-09-15,10.3423093330928,NA
"11576",2010-09-16,9.89263879104188,NA
"11577",2010-09-17,10.0220192900021,NA
"11578",2010-09-18,9.91215643134009,NA
"11579",2010-09-19,9.9217240117883,NA
"11580",2010-09-20,10.2321533361043,NA
"11581",2010-09-21,10.3899104472075,NA
"11582",2010-09-22,10.4745700716372,NA
"11583",2010-09-23,10.6984219451841,NA
"11584",2010-09-24,10.9380344499841,NA
"11585",2010-09-25,11.2167349425735,NA
"11586",2010-09-26,11.6665299591574,NA
"11587",2010-09-27,11.3282986773827,NA
"11588",2010-09-28,10.9239781242167,NA
"11589",2010-09-29,10.3759807605392,NA
"11590",2010-09-30,10.182229628467,NA
"11591",2010-10-01,10.0301737951925,NA
"11592",2010-10-02,10.4592916089141,NA
"11593",2010-10-03,11.0389377061235,NA
"11594",2010-10-04,12.1333335002013,NA
"11595",2010-10-05,13.404926995986,NA
"11596",2010-10-06,14.1915967343866,NA
"11597",2010-10-07,14.4357930244672,NA
"11598",2010-10-08,14.6044609289236,NA
"11599",2010-10-09,14.2830048265044,NA
"11600",2010-10-10,14.2636577490999,NA
"11601",2010-10-11,14.5180673521992,NA
"11602",2010-10-12,14.7116106322597,NA
"11603",2010-10-13,14.7631854822039,NA
"11604",2010-10-14,15.5089517436349,NA
"11605",2010-10-15,14.7493842947832,NA
"11606",2010-10-16,14.3286551906548,NA
"11607",2010-10-17,13.4779730506161,NA
"11608",2010-10-18,12.2809813729738,NA
"11609",2010-10-19,11.2007098020341,NA
"11610",2010-10-20,11.3735568588969,NA
"11611",2010-10-21,11.5526916695537,NA
"11612",2010-10-22,13.7377622241755,NA
"11613",2010-10-23,13.9937648907355,NA
"11614",2010-10-24,13.8652186783964,NA
"11615",2010-10-25,14.35479832702,NA
"11616",2010-10-26,15.0660751281507,NA
"11617",2010-10-27,14.7688325751603,NA
"11618",2010-10-28,14.771955814433,NA
"11619",2010-10-29,15.0124948669594,NA
"11620",2010-10-30,15.4470877738203,NA
"11621",2010-10-31,15.34029322938,NA
"11622",2010-11-01,15.0276193361769,NA
"11623",2010-11-02,14.6797549386563,NA
"11624",2010-11-03,14.4712485714628,NA
"11625",2010-11-04,13.5644828875114,NA
"11626",2010-11-05,12.4208702312465,NA
"11627",2010-11-06,12.745236264519,NA
"11628",2010-11-07,13.9280897695546,NA
"11629",2010-11-08,14.6506197028194,NA
"11630",2010-11-09,15.9071189096585,NA
"11631",2010-11-10,17.0659781435601,NA
"11632",2010-11-11,18.7238437737006,NA
"11633",2010-11-12,19.6063548625852,NA
"11634",2010-11-13,19.2830667035922,NA
"11635",2010-11-14,19.0858861680566,NA
"11636",2010-11-15,18.6973941079679,NA
"11637",2010-11-16,17.59001842247,NA
"11638",2010-11-17,17.266397004782,NA
"11639",2010-11-18,15.5813234838823,NA
"11640",2010-11-19,14.2218929130672,NA
"11641",2010-11-20,14.8135452021686,NA
"11642",2010-11-21,15.4005744529935,NA
"11643",2010-11-22,16.8582091697815,NA
"11644",2010-11-23,18.4318641593812,NA
"11645",2010-11-24,19.2880272662048,NA
"11646",2010-11-25,19.9930246984063,NA
"11647",2010-11-26,20.6936093201499,NA
"11648",2010-11-27,20.4769655661701,NA
"11649",2010-11-28,19.7773440922192,NA
"11650",2010-11-29,18.9410543265952,NA
"11651",2010-11-30,18.2572059913913,NA
"11652",2010-12-01,17.7360023874635,NA
"11653",2010-12-02,17.7597373118174,NA
"11654",2010-12-03,17.8213230693648,NA
"11655",2010-12-04,18.7300050032103,NA
"11656",2010-12-05,19.8431256435653,NA
"11657",2010-12-06,20.6062350430835,NA
"11658",2010-12-07,20.874537490192,NA
"11659",2010-12-08,20.814096897861,NA
"11660",2010-12-09,20.827629586178,NA
"11661",2010-12-10,20.2886828734504,NA
"11662",2010-12-11,19.6208274327169,NA
"11663",2010-12-12,18.6833691876996,NA
"11664",2010-12-13,17.9381295388181,NA
"11665",2010-12-14,17.919476392304,NA
"11666",2010-12-15,17.6560161141237,NA
"11667",2010-12-16,17.2245915751739,NA
"11668",2010-12-17,17.3130441137152,NA
"11669",2010-12-18,17.2389854381395,NA
"11670",2010-12-19,16.7033206318201,NA
"11671",2010-12-20,16.119266997154,NA
"11672",2010-12-21,14.8122464987703,NA
"11673",2010-12-22,14.9045393169302,NA
"11674",2010-12-23,14.7002461776377,NA
"11675",2010-12-24,15.4704473221398,NA
"11676",2010-12-25,16.114510450284,NA
"11677",2010-12-26,16.591912306846,NA
"11678",2010-12-27,16.2751654692709,NA
"11679",2010-12-28,17.0353487117527,NA
"11680",2010-12-29,17.3830161138615,NA
"11681",2010-12-30,18.4087975976928,NA
"11682",2010-12-31,19.4244305863703,NA
"11683",2011-01-01,19.294927137671,NA
"11684",2011-01-02,19.4358799769406,NA
"11685",2011-01-03,19.7427418894736,NA
"11686",2011-01-04,19.7378893196693,NA
"11687",2011-01-05,19.4662852853388,NA
"11688",2011-01-06,19.7580834489449,NA
"11689",2011-01-07,19.3815884995061,NA
"11690",2011-01-08,19.8403664537464,NA
"11691",2011-01-09,20.211628162975,NA
"11692",2011-01-10,20.9407406014478,NA
"11693",2011-01-11,21.2594433419698,NA
"11694",2011-01-12,21.7930258938668,NA
"11695",2011-01-13,21.7518815041739,NA
"11696",2011-01-14,21.4838892974866,NA
"11697",2011-01-15,21.6263407278508,NA
"11698",2011-01-16,21.8499545399101,NA
"11699",2011-01-17,21.5065372985827,NA
"11700",2011-01-18,21.0492790163301,NA
"11701",2011-01-19,20.3055943078297,NA
"11702",2011-01-20,20.1623906435264,NA
"11703",2011-01-21,20.0775105924535,NA
"11704",2011-01-22,19.9044730740065,NA
"11705",2011-01-23,20.1140285726656,NA
"11706",2011-01-24,20.1017410997159,NA
"11707",2011-01-25,20.5922616593671,NA
"11708",2011-01-26,20.7105092286517,NA
"11709",2011-01-27,20.4240249073213,NA
"11710",2011-01-28,19.9495387130209,NA
"11711",2011-01-29,20.0442664958369,NA
"11712",2011-01-30,20.4679517234301,NA
"11713",2011-01-31,21.5715548765704,NA
"11714",2011-02-01,21.7804741582208,NA
"11715",2011-02-02,22.3817795463292,NA
"11716",2011-02-03,22.625467697429,NA
"11717",2011-02-04,22.9084926413814,NA
"11718",2011-02-05,22.578138251618,NA
"11719",2011-02-06,21.628232463458,NA
"11720",2011-02-07,20.5249499599908,NA
"11721",2011-02-08,19.6158807899763,NA
"11722",2011-02-09,19.1363572152893,NA
"11723",2011-02-10,19.1984370141541,NA
"11724",2011-02-11,18.6288615816528,NA
"11725",2011-02-12,18.3252354005798,NA
"11726",2011-02-13,18.6848811461028,NA
"11727",2011-02-14,19.1403882331703,NA
"11728",2011-02-15,19.9887408637614,NA
"11729",2011-02-16,19.8404919621261,NA
"11730",2011-02-17,19.5243963855051,NA
"11731",2011-02-18,20.0351912606238,NA
"11732",2011-02-19,20.6512991183802,NA
"11733",2011-02-20,20.5038425980424,NA
"11734",2011-02-21,19.8226606728618,NA
"11735",2011-02-22,18.976644072891,NA
"11736",2011-02-23,18.6598940707658,NA
"11737",2011-02-24,18.5067539821809,NA
"11738",2011-02-25,18.1892688646027,NA
"11739",2011-02-26,18.5104892652456,NA
"11740",2011-02-27,18.8695459525422,NA
"11741",2011-02-28,19.0398434452141,NA
"11742",2011-03-01,18.7149666551495,NA
"11743",2011-03-02,18.2860490917901,NA
"11744",2011-03-03,17.4673163426936,NA
"11745",2011-03-04,16.3189309030318,NA
"11746",2011-03-05,15.3938586241436,NA
"11747",2011-03-06,15.6027527135929,NA
"11748",2011-03-07,16.4718092244024,NA
"11749",2011-03-08,17.6636759262215,NA
"11750",2011-03-09,18.12755969253,NA
"11751",2011-03-10,18.3494795520341,NA
"11752",2011-03-11,19.4116026371344,NA
"11753",2011-03-12,20.1985953285524,NA
"11754",2011-03-13,20.2000542556901,NA
"11755",2011-03-14,19.6167456926327,NA
"11756",2011-03-15,19.2965227660031,NA
"11757",2011-03-16,18.8155416973951,NA
"11758",2011-03-17,18.5363827081265,NA
"11759",2011-03-18,17.5576294052052,NA
"11760",2011-03-19,16.9179452547604,NA
"11761",2011-03-20,17.4488701452504,NA
"11762",2011-03-21,18.0814160429531,NA
"11763",2011-03-22,18.0769793609491,NA
"11764",2011-03-23,18.2284104518063,NA
"11765",2011-03-24,18.3911609647001,NA
"11766",2011-03-25,18.4060572448961,NA
"11767",2011-03-26,17.8225580461024,NA
"11768",2011-03-27,16.7946479342457,NA
"11769",2011-03-28,16.3412290523764,NA
"11770",2011-03-29,16.5422793669167,NA
"11771",2011-03-30,16.3682315833347,NA
"11772",2011-03-31,15.872095246144,NA
"11773",2011-04-01,16.0384081153269,NA
"11774",2011-04-02,15.8464922285333,NA
"11775",2011-04-03,15.6429731591694,NA
"11776",2011-04-04,15.0344313723924,NA
"11777",2011-04-05,14.4381713719589,NA
"11778",2011-04-06,15.0134368939683,NA
"11779",2011-04-07,15.7949741421765,NA
"11780",2011-04-08,16.2688115711928,NA
"11781",2011-04-09,16.769042609947,NA
"11782",2011-04-10,16.3728422998811,NA
"11783",2011-04-11,16.1849816451495,NA
"11784",2011-04-12,15.704636262898,NA
"11785",2011-04-13,14.8697277585112,NA
"11786",2011-04-14,14.2725497716223,NA
"11787",2011-04-15,13.5538680753742,NA
"11788",2011-04-16,12.9214157068014,NA
"11789",2011-04-17,13.2973965436639,NA
"11790",2011-04-18,13.8403396201655,NA
"11791",2011-04-19,14.3051184606534,NA
"11792",2011-04-20,14.6119533508896,NA
"11793",2011-04-21,14.8154102909138,NA
"11794",2011-04-22,14.292633017846,NA
"11795",2011-04-23,14.3011390296924,NA
"11796",2011-04-24,14.2584768999783,NA
"11797",2011-04-25,13.9336257216775,NA
"11798",2011-04-26,13.8283253063046,NA
"11799",2011-04-27,13.8703469934537,NA
"11800",2011-04-28,13.8880436471155,NA
"11801",2011-04-29,14.5231695583328,NA
"11802",2011-04-30,15.0648700318216,NA
"11803",2011-05-01,15.3714002820083,NA
"11804",2011-05-02,15.1428789208263,NA
"11805",2011-05-03,14.6250149487688,NA
"11806",2011-05-04,14.22518245077,NA
"11807",2011-05-05,13.4372554997695,NA
"11808",2011-05-06,12.4852057691764,NA
"11809",2011-05-07,11.5842165921983,NA
"11810",2011-05-08,10.7747677778036,NA
"11811",2011-05-09,10.0388765284894,NA
"11812",2011-05-10,9.63395106782061,NA
"11813",2011-05-11,8.78851871522761,NA
"11814",2011-05-12,8.9874481527741,NA
"11815",2011-05-13,9.10896107149492,NA
"11816",2011-05-14,8.80856327194974,NA
"11817",2011-05-15,8.83175608926078,NA
"11818",2011-05-16,9.31598020826754,NA
"11819",2011-05-17,9.31552983325579,NA
"11820",2011-05-18,9.83377064796141,NA
"11821",2011-05-19,9.94814848504934,NA
"11822",2011-05-20,10.4073782116825,NA
"11823",2011-05-21,11.4217196532822,NA
"11824",2011-05-22,12.0119445120904,NA
"11825",2011-05-23,12.1407617083563,NA
"11826",2011-05-24,12.1762363297493,NA
"11827",2011-05-25,12.05074083676,NA
"11828",2011-05-26,11.700163138565,NA
"11829",2011-05-27,11.4301589410074,NA
"11830",2011-05-28,10.620560580042,NA
"11831",2011-05-29,9.88166189734206,NA
"11832",2011-05-30,9.42491051488106,NA
"11833",2011-05-31,9.51325265204348,NA
"11834",2011-06-01,10.0373110201339,NA
"11835",2011-06-02,10.486194436784,NA
"11836",2011-06-03,10.8174071627756,NA
"11837",2011-06-04,10.6677364018971,NA
"11838",2011-06-05,10.4915164378494,NA
"11839",2011-06-06,10.3975447083167,NA
"11840",2011-06-07,9.66049950246486,NA
"11841",2011-06-08,8.95547928400435,NA
"11842",2011-06-09,8.50893693595164,NA
"11843",2011-06-10,7.97397079514464,NA
"11844",2011-06-11,8.06215498443581,NA
"11845",2011-06-12,8.23302408959435,NA
"11846",2011-06-13,8.3195467418358,NA
"11847",2011-06-14,8.85109308800093,NA
"11848",2011-06-15,8.82596856964603,NA
"11849",2011-06-16,8.88699347060231,NA
"11850",2011-06-17,8.96193073741823,NA
"11851",2011-06-18,9.20110713922287,NA
"11852",2011-06-19,9.56556397285046,NA
"11853",2011-06-20,10.1198967927777,NA
"11854",2011-06-21,9.89468252969945,NA
"11855",2011-06-22,10.2684999317176,NA
"11856",2011-06-23,10.4252386119748,NA
"11857",2011-06-24,10.8511646895353,NA
"11858",2011-06-25,10.6084452744738,NA
"11859",2011-06-26,10.378913995114,NA
"11860",2011-06-27,9.89408825718465,NA
"11861",2011-06-28,9.95395383179497,NA
"11862",2011-06-29,9.86721449956369,NA
"11863",2011-06-30,9.74766225945839,NA
"11864",2011-07-01,9.19642225467223,NA
"11865",2011-07-02,9.51353471538909,NA
"11866",2011-07-03,9.43896194656611,NA
"11867",2011-07-04,9.42746509167017,NA
"11868",2011-07-05,9.59560630932329,NA
"11869",2011-07-06,9.29447962265476,NA
"11870",2011-07-07,8.81859423862298,NA
"11871",2011-07-08,8.71116826986493,NA
"11872",2011-07-09,8.1690812135502,NA
"11873",2011-07-10,7.8546659948913,NA
"11874",2011-07-11,7.95805460531843,NA
"11875",2011-07-12,8.09806680463718,NA
"11876",2011-07-13,8.1183604363486,NA
"11877",2011-07-14,8.16864830107397,NA
"11878",2011-07-15,7.84055028347872,NA
"11879",2011-07-16,8.14110917009803,NA
"11880",2011-07-17,8.34598252618645,NA
"11881",2011-07-18,8.29898739919001,NA
"11882",2011-07-19,8.42719042361951,NA
"11883",2011-07-20,8.52040814123402,NA
"11884",2011-07-21,8.79544964006954,NA
"11885",2011-07-22,9.10648800681561,NA
"11886",2011-07-23,9.03444209546059,NA
"11887",2011-07-24,9.07749207170984,NA
"11888",2011-07-25,9.01802891524477,NA
"11889",2011-07-26,8.35610415856023,NA
"11890",2011-07-27,8.07985083176013,NA
"11891",2011-07-28,7.94853453344142,NA
"11892",2011-07-29,8.32233576100742,NA
"11893",2011-07-30,8.3720739069159,NA
"11894",2011-07-31,8.66719463266546,NA
"11895",2011-08-01,9.30352868808217,NA
"11896",2011-08-02,10.3914913277826,NA
"11897",2011-08-03,11.8952493567917,NA
"11898",2011-08-04,13.1232516337852,NA
"11899",2011-08-05,13.2691977126136,NA
"11900",2011-08-06,13.1085374884309,NA
"11901",2011-08-07,12.5369262644296,NA
"11902",2011-08-08,11.7435465743518,NA
"11903",2011-08-09,11.1631917061359,NA
"11904",2011-08-10,10.1849818109123,NA
"11905",2011-08-11,9.04076847250803,NA
"11906",2011-08-12,8.49074984247887,NA
"11907",2011-08-13,8.69039165689317,NA
"11908",2011-08-14,9.20533197061048,NA
"11909",2011-08-15,9.73923563206708,NA
"11910",2011-08-16,10.4595489158245,NA
"11911",2011-08-17,10.3296829321699,NA
"11912",2011-08-18,10.652445916274,NA
"11913",2011-08-19,11.4412177042832,NA
"11914",2011-08-20,11.6126005704585,NA
"11915",2011-08-21,11.6251111090098,NA
"11916",2011-08-22,11.5015759935122,NA
"11917",2011-08-23,10.8978190419798,NA
"11918",2011-08-24,11.247982069101,NA
"11919",2011-08-25,11.2014250617818,NA
"11920",2011-08-26,10.6590844788183,NA
"11921",2011-08-27,10.3073970101843,NA
"11922",2011-08-28,10.3910050485235,NA
"11923",2011-08-29,9.98069219863406,NA
"11924",2011-08-30,9.90116753921367,NA
"11925",2011-08-31,9.69843843013302,NA
"11926",2011-09-01,9.7537290275244,NA
"11927",2011-09-02,10.324629977041,NA
"11928",2011-09-03,11.472508213822,NA
"11929",2011-09-04,11.6637744076312,NA
"11930",2011-09-05,12.6446384161364,NA
"11931",2011-09-06,12.3566619262596,NA
"11932",2011-09-07,11.9186722003066,NA
"11933",2011-09-08,11.6093181520487,NA
"11934",2011-09-09,10.8433888107673,NA
"11935",2011-09-10,9.88415812943408,NA
"11936",2011-09-11,9.26642422920624,NA
"11937",2011-09-12,8.65245107804578,NA
"11938",2011-09-13,9.27354049835003,NA
"11939",2011-09-14,9.57332570435073,NA
"11940",2011-09-15,9.95376361502229,NA
"11941",2011-09-16,10.7056474366678,NA
"11942",2011-09-17,11.7712979673534,NA
"11943",2011-09-18,12.5527464205461,NA
"11944",2011-09-19,13.7503623129232,NA
"11945",2011-09-20,13.5322780538779,NA
"11946",2011-09-21,14.114751436242,NA
"11947",2011-09-22,14.9848408875089,NA
"11948",2011-09-23,14.4998164479984,NA
"11949",2011-09-24,13.3745677281817,NA
"11950",2011-09-25,13.0073629293619,NA
"11951",2011-09-26,12.3844745821836,NA
"11952",2011-09-27,13.386291480917,NA
"11953",2011-09-28,13.4003240164836,NA
"11954",2011-09-29,12.332703585891,NA
"11955",2011-09-30,12.419462775443,NA
"11956",2011-10-01,12.4117202236824,NA
"11957",2011-10-02,12.0681803547943,NA
"11958",2011-10-03,11.6747237571516,NA
"11959",2011-10-04,11.2548934636806,NA
"11960",2011-10-05,11.523475673375,NA
"11961",2011-10-06,12.1228543723052,NA
"11962",2011-10-07,12.7856636144354,NA
"11963",2011-10-08,13.5189910154793,NA
"11964",2011-10-09,13.6110544536375,NA
"11965",2011-10-10,13.5192392219625,NA
"11966",2011-10-11,12.9875728581559,NA
"11967",2011-10-12,12.2796426974287,NA
"11968",2011-10-13,12.5047355591441,NA
"11969",2011-10-14,13.215938835156,NA
"11970",2011-10-15,13.1938471504877,NA
"11971",2011-10-16,13.2946999661748,NA
"11972",2011-10-17,13.5901017875214,NA
"11973",2011-10-18,14.5431808453474,NA
"11974",2011-10-19,16.1306643643902,NA
"11975",2011-10-20,16.8805047453178,NA
"11976",2011-10-21,16.2697305424695,NA
"11977",2011-10-22,16.505670555534,NA
"11978",2011-10-23,18.1168395349961,NA
"11979",2011-10-24,17.9449795733298,NA
"11980",2011-10-25,17.2901710022442,NA
"11981",2011-10-26,16.3943833057886,NA
"11982",2011-10-27,16.0813803926328,NA
"11983",2011-10-28,16.8483938549108,NA
"11984",2011-10-29,16.7029071426321,NA
"11985",2011-10-30,15.0959255768536,NA
"11986",2011-10-31,15.2685559081803,NA
"11987",2011-11-01,15.7173175451511,NA
"11988",2011-11-02,15.4594297689917,NA
"11989",2011-11-03,14.7052934995688,NA
"11990",2011-11-04,14.1499042986738,NA
"11991",2011-11-05,15.4047138491764,NA
"11992",2011-11-06,16.5288816450444,NA
"11993",2011-11-07,17.94370594742,NA
"11994",2011-11-08,18.7153414770378,NA
"11995",2011-11-09,19.4290132058533,NA
"11996",2011-11-10,19.5665786748179,NA
"11997",2011-11-11,19.6718459668248,NA
"11998",2011-11-12,19.2406577328141,NA
"11999",2011-11-13,19.2886003719623,NA
"12000",2011-11-14,18.6252422672024,NA
"12001",2011-11-15,18.3901546292549,NA
"12002",2011-11-16,17.6797312491454,NA
"12003",2011-11-17,18.5793838842249,NA
"12004",2011-11-18,19.4854073184143,NA
"12005",2011-11-19,19.0563188027748,NA
"12006",2011-11-20,18.4155373669145,NA
"12007",2011-11-21,18.2026430979328,NA
"12008",2011-11-22,17.6008256422944,NA
"12009",2011-11-23,17.5381124790736,NA
"12010",2011-11-24,17.0961843009438,NA
"12011",2011-11-25,16.1387815509485,NA
"12012",2011-11-26,16.1144617398667,NA
"12013",2011-11-27,16.9495614736073,NA
"12014",2011-11-28,18.0008353237224,NA
"12015",2011-11-29,19.2412857663845,NA
"12016",2011-11-30,19.102074896538,NA
"12017",2011-12-01,18.3469691479095,NA
"12018",2011-12-02,17.8636468187713,NA
"12019",2011-12-03,17.827655418864,NA
"12020",2011-12-04,16.6010548306973,NA
"12021",2011-12-05,15.2925200396446,NA
"12022",2011-12-06,14.2720539944268,NA
"12023",2011-12-07,15.5078332505124,NA
"12024",2011-12-08,17.0795283944195,NA
"12025",2011-12-09,18.180238113492,NA
"12026",2011-12-10,18.8249549067772,NA
"12027",2011-12-11,19.2013078909031,NA
"12028",2011-12-12,19.3019655164376,NA
"12029",2011-12-13,18.7099120756909,NA
"12030",2011-12-14,18.0296797935427,NA
"12031",2011-12-15,17.3465598651053,NA
"12032",2011-12-16,17.2957094208711,NA
"12033",2011-12-17,17.8692826788622,NA
"12034",2011-12-18,18.4988622397341,NA
"12035",2011-12-19,18.835930842666,NA
"12036",2011-12-20,19.2797196873351,NA
"12037",2011-12-21,19.8097239971145,NA
"12038",2011-12-22,20.2705675742715,NA
"12039",2011-12-23,20.4037383953931,NA
"12040",2011-12-24,20.3928717368541,NA
"12041",2011-12-25,20.6717799550666,NA
"12042",2011-12-26,20.5378802330129,NA
"12043",2011-12-27,20.463651128179,NA
"12044",2011-12-28,20.2077565243137,NA
"12045",2011-12-29,19.709849022735,NA
"12046",2011-12-30,19.572408217285,NA
"12047",2011-12-31,19.634411506369,NA
"12048",2012-01-01,20.1579489652764,NA
"12049",2012-01-02,21.4165633012734,NA
"12050",2012-01-03,22.210056745697,NA
"12051",2012-01-04,22.1622330085245,NA
"12052",2012-01-05,22.0253375557627,NA
"12053",2012-01-06,21.7277337221709,NA
"12054",2012-01-07,21.6332432319343,NA
"12055",2012-01-08,20.980352955372,NA
"12056",2012-01-09,19.70780805948,NA
"12057",2012-01-10,18.3716718719105,NA
"12058",2012-01-11,17.946053283526,NA
"12059",2012-01-12,18.0089261743476,NA
"12060",2012-01-13,17.6883615567608,NA
"12061",2012-01-14,16.5790326044494,NA
"12062",2012-01-15,16.6657633023099,NA
"12063",2012-01-16,17.8182379379189,NA
"12064",2012-01-17,19.2769458910709,NA
"12065",2012-01-18,19.9948564431083,NA
"12066",2012-01-19,20.2891247335522,NA
"12067",2012-01-20,20.6636565082491,NA
"12068",2012-01-21,21.2417425186948,NA
"12069",2012-01-22,21.6799987835405,NA
"12070",2012-01-23,21.5467184712445,NA
"12071",2012-01-24,21.3746087593441,NA
"12072",2012-01-25,21.4657507723884,NA
"12073",2012-01-26,21.507085328568,NA
"12074",2012-01-27,21.9824141453592,NA
"12075",2012-01-28,22.2586178811068,NA
"12076",2012-01-29,22.3163454681926,NA
"12077",2012-01-30,22.0480023741916,NA
"12078",2012-01-31,21.2139059054305,NA
"12079",2012-02-01,21.001001622768,NA
"12080",2012-02-02,21.0078548751789,NA
"12081",2012-02-03,20.5846538567712,NA
"12082",2012-02-04,20.6367103772167,NA
"12083",2012-02-05,19.774525547486,NA
"12084",2012-02-06,19.4589131799304,NA
"12085",2012-02-07,19.5221535139415,NA
"12086",2012-02-08,19.2399595542674,NA
"12087",2012-02-09,19.2776469935639,NA
"12088",2012-02-10,18.9752781340409,NA
"12089",2012-02-11,17.7808130880022,NA
"12090",2012-02-12,17.832072867868,NA
"12091",2012-02-13,18.0963484162963,NA
"12092",2012-02-14,19.1052607838138,NA
"12093",2012-02-15,20.306547086818,NA
"12094",2012-02-16,20.4204499371722,NA
"12095",2012-02-17,20.407624170367,NA
"12096",2012-02-18,20.9205533325504,NA
"12097",2012-02-19,21.296557647936,NA
"12098",2012-02-20,21.1743998326144,NA
"12099",2012-02-21,20.7513395360878,NA
"12100",2012-02-22,20.1301556890084,NA
"12101",2012-02-23,20.1591087301303,NA
"12102",2012-02-24,20.9876638896524,NA
"12103",2012-02-25,21.4768938202387,NA
"12104",2012-02-26,21.6581063963025,NA
"12105",2012-02-27,21.8403782829918,NA
"12106",2012-02-28,21.766198838227,NA
"12107",2012-02-29,21.6145321750828,NA
"12108",2012-03-01,21.1981157554803,NA
"12109",2012-03-02,20.3541100547801,NA
"12110",2012-03-03,19.1219307278119,NA
"12111",2012-03-04,18.4039508685246,NA
"12112",2012-03-05,17.8796347878139,NA
"12113",2012-03-06,17.6758561276191,NA
"12114",2012-03-07,17.4670668798831,NA
"12115",2012-03-08,17.6209022477531,NA
"12116",2012-03-09,17.688603298976,NA
"12117",2012-03-10,17.3499969164804,NA
"12118",2012-03-11,17.0020053198015,NA
"12119",2012-03-12,17.2488368758988,NA
"12120",2012-03-13,18.0655903916122,NA
"12121",2012-03-14,18.9110372035387,NA
"12122",2012-03-15,19.3963959759547,NA
"12123",2012-03-16,19.0634218343323,NA
"12124",2012-03-17,19.239968503686,NA
"12125",2012-03-18,19.3151536884694,NA
"12126",2012-03-19,19.5213422249422,NA
"12127",2012-03-20,19.6330518158055,NA
"12128",2012-03-21,18.373724038453,NA
"12129",2012-03-22,17.582683010128,NA
"12130",2012-03-23,17.1530091839486,NA
"12131",2012-03-24,16.7914936741257,NA
"12132",2012-03-25,16.1626220678753,NA
"12133",2012-03-26,15.4443475736239,NA
"12134",2012-03-27,14.3104514190219,NA
"12135",2012-03-28,14.912620082343,NA
"12136",2012-03-29,15.3234120369637,NA
"12137",2012-03-30,16.5202027385094,NA
"12138",2012-03-31,17.3233037211944,NA
"12139",2012-04-01,17.5890122698052,NA
"12140",2012-04-02,18.2361863927679,NA
"12141",2012-04-03,18.636610313573,NA
"12142",2012-04-04,18.9648998593766,NA
"12143",2012-04-05,19.2394870130209,NA
"12144",2012-04-06,18.8726557790486,NA
"12145",2012-04-07,18.0246350729548,NA
"12146",2012-04-08,17.9137342628429,NA
"12147",2012-04-09,16.4238050302187,NA
"12148",2012-04-10,15.3679539291512,NA
"12149",2012-04-11,14.2189352185142,NA
"12150",2012-04-12,13.1239449876855,NA
"12151",2012-04-13,12.6898729653848,NA
"12152",2012-04-14,13.4121329608351,NA
"12153",2012-04-15,14.0229629251813,NA
"12154",2012-04-16,14.8818216149134,NA
"12155",2012-04-17,15.6786068811997,NA
"12156",2012-04-18,16.7791215295791,NA
"12157",2012-04-19,17.3271071919397,NA
"12158",2012-04-20,17.695537610167,NA
"12159",2012-04-21,17.9624680333222,NA
"12160",2012-04-22,17.6628642475149,NA
"12161",2012-04-23,17.0800059328199,NA
"12162",2012-04-24,16.049014400007,NA
"12163",2012-04-25,14.9639906955609,NA
"12164",2012-04-26,14.201983888347,NA
"12165",2012-04-27,13.3136090921252,NA
"12166",2012-04-28,12.5190595118745,NA
"12167",2012-04-29,11.5874706914835,NA
"12168",2012-04-30,11.9692015136886,NA
"12169",2012-05-01,12.9137006470675,NA
"12170",2012-05-02,12.3509331825994,NA
"12171",2012-05-03,11.9524212398446,NA
"12172",2012-05-04,11.6892147126106,NA
"12173",2012-05-05,11.0781723097173,NA
"12174",2012-05-06,11.3106445189315,NA
"12175",2012-05-07,11.1403565281415,NA
"12176",2012-05-08,11.1461220275758,NA
"12177",2012-05-09,11.8702428057701,NA
"12178",2012-05-10,12.1944458679609,NA
"12179",2012-05-11,12.0712818855662,NA
"12180",2012-05-12,12.1470183331872,NA
"12181",2012-05-13,11.9394594350058,NA
"12182",2012-05-14,11.8336028462111,NA
"12183",2012-05-15,11.2290096331659,NA
"12184",2012-05-16,10.8608084734977,NA
"12185",2012-05-17,10.6436286444673,NA
"12186",2012-05-18,10.9309667384169,NA
"12187",2012-05-19,10.6857099313632,NA
"12188",2012-05-20,10.4217876636018,NA
"12189",2012-05-21,10.1820143355865,NA
"12190",2012-05-22,10.3691156707845,NA
"12191",2012-05-23,10.7590932846342,NA
"12192",2012-05-24,10.7816348534175,NA
"12193",2012-05-25,10.3497168283229,NA
"12194",2012-05-26,10.6488131958812,NA
"12195",2012-05-27,11.1147710762284,NA
"12196",2012-05-28,11.2451086376055,NA
"12197",2012-05-29,10.9169855326386,NA
"12198",2012-05-30,10.4490102078347,NA
"12199",2012-05-31,10.220364900345,NA
"12200",2012-06-01,10.3440173174371,NA
"12201",2012-06-02,10.2164453877554,NA
"12202",2012-06-03,10.0960419488832,NA
"12203",2012-06-04,10.2788615701668,NA
"12204",2012-06-05,9.95047934674286,NA
"12205",2012-06-06,9.7044030078133,NA
"12206",2012-06-07,9.60446981068019,NA
"12207",2012-06-08,9.66216029619492,NA
"12208",2012-06-09,9.52611089801887,NA
"12209",2012-06-10,9.21357902103501,NA
"12210",2012-06-11,8.85230385827639,NA
"12211",2012-06-12,8.91628381300175,NA
"12212",2012-06-13,9.21699958016407,NA
"12213",2012-06-14,9.48400383669836,NA
"12214",2012-06-15,9.34862880416295,NA
"12215",2012-06-16,9.61524028400071,NA
"12216",2012-06-17,9.97955375991056,NA
"12217",2012-06-18,10.2200949871086,NA
"12218",2012-06-19,9.67983737435793,NA
"12219",2012-06-20,9.55461485160405,NA
"12220",2012-06-21,9.23896246233731,NA
"12221",2012-06-22,8.70165126970223,NA
"12222",2012-06-23,8.45076067663099,NA
"12223",2012-06-24,8.52543134234598,NA
"12224",2012-06-25,8.21310870998935,NA
"12225",2012-06-26,8.21624220338147,NA
"12226",2012-06-27,7.95001785923774,NA
"12227",2012-06-28,8.24862066302216,NA
"12228",2012-06-29,8.64128357498096,NA
"12229",2012-06-30,8.14108378934865,NA
"12230",2012-07-01,7.70968154022163,NA
"12231",2012-07-02,7.72581732585466,NA
"12232",2012-07-03,8.20989604830293,NA
"12233",2012-07-04,8.10778047507626,NA
"12234",2012-07-05,7.62978670254377,NA
"12235",2012-07-06,7.2634759832028,NA
"12236",2012-07-07,7.07541350821814,NA
"12237",2012-07-08,7.17531963985433,NA
"12238",2012-07-09,7.47335415971318,NA
"12239",2012-07-10,7.76531040730783,NA
"12240",2012-07-11,8.17756688611152,NA
"12241",2012-07-12,8.63611406143214,NA
"12242",2012-07-13,9.4728747387044,NA
"12243",2012-07-14,9.96519295832744,NA
"12244",2012-07-15,10.3121384408991,NA
"12245",2012-07-16,10.4646173246244,NA
"12246",2012-07-17,10.3479027655311,NA
"12247",2012-07-18,9.6745217633709,NA
"12248",2012-07-19,9.5394104481006,NA
"12249",2012-07-20,9.34678481084771,NA
"12250",2012-07-21,9.75624360445707,NA
"12251",2012-07-22,9.47814137051873,NA
"12252",2012-07-23,9.1071166618856,NA
"12253",2012-07-24,9.05726226187187,NA
"12254",2012-07-25,9.68285263287694,NA
"12255",2012-07-26,9.63108959735532,NA
"12256",2012-07-27,9.54499208409241,NA
"12257",2012-07-28,9.30009723627547,NA
"12258",2012-07-29,9.18890959033174,NA
"12259",2012-07-30,9.11860293146337,NA
"12260",2012-07-31,8.75526024505752,NA
"12261",2012-08-01,8.12328590648454,NA
"12262",2012-08-02,7.94671153628552,NA
"12263",2012-08-03,8.04624062018434,NA
"12264",2012-08-04,8.21869361670468,NA
"12265",2012-08-05,8.27863832769808,NA
"12266",2012-08-06,7.95607497460819,NA
"12267",2012-08-07,8.28424872909078,NA
"12268",2012-08-08,8.62629252757761,NA
"12269",2012-08-09,8.66918572385439,NA
"12270",2012-08-10,8.61496353632113,NA
"12271",2012-08-11,8.57951218466831,NA
"12272",2012-08-12,8.54153687288895,NA
"12273",2012-08-13,9.11061830829946,NA
"12274",2012-08-14,8.75549006065478,NA
"12275",2012-08-15,8.78113398548353,NA
"12276",2012-08-16,8.89113427084528,NA
"12277",2012-08-17,8.67141830001005,NA
"12278",2012-08-18,8.36630623325096,NA
"12279",2012-08-19,8.42575713662609,NA
"12280",2012-08-20,8.02750167694858,NA
"12281",2012-08-21,8.7689936453063,NA
"12282",2012-08-22,9.65074955513909,NA
"12283",2012-08-23,9.60209036159489,NA
"12284",2012-08-24,9.47165919312187,NA
"12285",2012-08-25,9.65504827486791,NA
"12286",2012-08-26,9.49016802302517,NA
"12287",2012-08-27,9.68138841502939,NA
"12288",2012-08-28,9.71340733654598,NA
"12289",2012-08-29,9.24631000858866,NA
"12290",2012-08-30,9.09485926115302,NA
"12291",2012-08-31,9.14978334697325,NA
"12292",2012-09-01,8.9527106899406,NA
"12293",2012-09-02,9.36861912055207,NA
"12294",2012-09-03,10.116610537451,NA
"12295",2012-09-04,10.7115423242577,NA
"12296",2012-09-05,11.1391824475735,NA
"12297",2012-09-06,11.6267977322033,NA
"12298",2012-09-07,12.0510134252717,NA
"12299",2012-09-08,12.5392650995323,NA
"12300",2012-09-09,12.463270155654,NA
"12301",2012-09-10,12.0380067929903,NA
"12302",2012-09-11,11.5672654306864,NA
"12303",2012-09-12,11.5486639940943,NA
"12304",2012-09-13,11.0707450393488,NA
"12305",2012-09-14,11.0791515912589,NA
"12306",2012-09-15,10.8480085718528,NA
"12307",2012-09-16,11.0837013800164,NA
"12308",2012-09-17,11.1744456761008,NA
"12309",2012-09-18,10.8323122410975,NA
"12310",2012-09-19,10.7576746109179,NA
"12311",2012-09-20,12.0313051563127,NA
"12312",2012-09-21,12.4523463243345,NA
"12313",2012-09-22,13.1376635337494,NA
"12314",2012-09-23,13.065923653033,NA
"12315",2012-09-24,12.4508449930605,NA
"12316",2012-09-25,12.3422524154255,NA
"12317",2012-09-26,12.8140624527308,NA
"12318",2012-09-27,13.232278457506,NA
"12319",2012-09-28,12.6302571612405,NA
"12320",2012-09-29,11.6054154700946,NA
"12321",2012-09-30,11.3894428305064,NA
"12322",2012-10-01,12.0874040325331,NA
"12323",2012-10-02,12.733357030148,NA
"12324",2012-10-03,12.9775526997167,NA
"12325",2012-10-04,12.9713043106942,NA
"12326",2012-10-05,13.4696485321084,NA
"12327",2012-10-06,13.4503619014534,NA
"12328",2012-10-07,13.5148743177746,NA
"12329",2012-10-08,13.1095934590003,NA
"12330",2012-10-09,12.5800974192039,NA
"12331",2012-10-10,11.2663317067395,NA
"12332",2012-10-11,9.80802747211278,NA
"12333",2012-10-12,9.56902921907695,NA
"12334",2012-10-13,10.1898552283089,NA
"12335",2012-10-14,11.0894579597667,NA
"12336",2012-10-15,12.3682923899271,NA
"12337",2012-10-16,12.4888363088611,NA
"12338",2012-10-17,12.8297159841046,NA
"12339",2012-10-18,13.8290606796661,NA
"12340",2012-10-19,14.9540831821892,NA
"12341",2012-10-20,15.6097182862626,NA
"12342",2012-10-21,14.9820694980156,NA
"12343",2012-10-22,14.1525824013649,NA
"12344",2012-10-23,14.780342835815,NA
"12345",2012-10-24,15.8578095717847,NA
"12346",2012-10-25,15.4688230079982,NA
"12347",2012-10-26,14.2425702048763,NA
"12348",2012-10-27,13.6329101735774,NA
"12349",2012-10-28,14.0450719988815,NA
"12350",2012-10-29,15.1613976555985,NA
"12351",2012-10-30,16.101557437896,NA
"12352",2012-10-31,16.5065489298027,NA
"12353",2012-11-01,16.2628729968378,NA
"12354",2012-11-02,16.5072065446862,NA
"12355",2012-11-03,17.1304872340667,NA
"12356",2012-11-04,18.2380577400872,NA
"12357",2012-11-05,18.7040921117254,NA
"12358",2012-11-06,18.2495916667807,NA
"12359",2012-11-07,17.5556739844143,NA
"12360",2012-11-08,18.1727907212489,NA
"12361",2012-11-09,18.1945197604068,NA
"12362",2012-11-10,17.8544033869177,NA
"12363",2012-11-11,17.5677676935899,NA
"12364",2012-11-12,16.5425588701654,NA
"12365",2012-11-13,15.6795194651064,NA
"12366",2012-11-14,15.4114749414943,NA
"12367",2012-11-15,15.1467571299173,NA
"12368",2012-11-16,15.2743932450212,NA
"12369",2012-11-17,15.2215648953082,NA
"12370",2012-11-18,14.1219485976379,NA
"12371",2012-11-19,14.3465087427297,NA
"12372",2012-11-20,15.8183357705365,NA
"12373",2012-11-21,15.9053715505482,NA
"12374",2012-11-22,16.1606211408546,NA
"12375",2012-11-23,17.0928910624125,NA
"12376",2012-11-24,18.4828678503682,NA
"12377",2012-11-25,19.0045297569102,NA
"12378",2012-11-26,19.2380713372507,NA
"12379",2012-11-27,18.7943830127405,NA
"12380",2012-11-28,19.9080695911345,NA
"12381",2012-11-29,21.2981403049724,NA
"12382",2012-11-30,21.7612449255518,NA
"12383",2012-12-01,21.3952721361447,NA
"12384",2012-12-02,21.2102482686751,NA
"12385",2012-12-03,20.8945771728922,NA
"12386",2012-12-04,20.4106990973468,NA
"12387",2012-12-05,19.2615483186676,NA
"12388",2012-12-06,17.6389804638891,NA
"12389",2012-12-07,17.3738900050971,NA
"12390",2012-12-08,17.7265132043275,NA
"12391",2012-12-09,17.5803965039343,NA
"12392",2012-12-10,17.774507035279,NA
"12393",2012-12-11,18.8396130176585,NA
"12394",2012-12-12,20.1912983106006,NA
"12395",2012-12-13,20.8274841062109,NA
"12396",2012-12-14,20.5660737459318,NA
"12397",2012-12-15,20.4195322651797,NA
"12398",2012-12-16,20.5524391548558,NA
"12399",2012-12-17,20.4983933182441,NA
"12400",2012-12-18,20.5205990426127,NA
"12401",2012-12-19,20.0770407229971,NA
"12402",2012-12-20,19.2855952583541,NA
"12403",2012-12-21,18.9139964672617,NA
"12404",2012-12-22,19.3096003277552,NA
"12405",2012-12-23,20.79649552552,NA
"12406",2012-12-24,20.9497736682274,NA
"12407",2012-12-25,20.2981406802505,NA
"12408",2012-12-26,20.0346851453606,NA
"12409",2012-12-27,20.3775421804017,NA
"12410",2012-12-28,20.2558328828996,NA
"12411",2012-12-29,19.5476361138312,NA
"12412",2012-12-30,17.9715197719674,NA
"12413",2012-12-31,18.3097475982443,NA
"12414",2013-01-01,18.9800845419455,NA
"12415",2013-01-02,18.9136437296802,NA
"12416",2013-01-03,19.9717158456693,NA
"12417",2013-01-04,21.3650609763609,NA
"12418",2013-01-05,21.6721487545869,NA
"12419",2013-01-06,22.007415079626,NA
"12420",2013-01-07,22.4513577148394,NA
"12421",2013-01-08,22.4080889158022,NA
"12422",2013-01-09,22.2459848277932,NA
"12423",2013-01-10,21.8692703979793,NA
"12424",2013-01-11,21.3273943294828,NA
"12425",2013-01-12,21.098560637906,NA
"12426",2013-01-13,20.4534860977346,NA
"12427",2013-01-14,19.1854280680969,NA
"12428",2013-01-15,19.3096622161062,NA
"12429",2013-01-16,20.0490477854753,NA
"12430",2013-01-17,20.7846704624277,NA
"12431",2013-01-18,20.3058656127578,NA
"12432",2013-01-19,20.1672632290264,NA
"12433",2013-01-20,20.8311158500913,NA
"12434",2013-01-21,21.3795196035198,NA
"12435",2013-01-22,21.2320149265194,NA
"12436",2013-01-23,20.8646131110318,NA
"12437",2013-01-24,20.5661034019051,NA
"12438",2013-01-25,20.4848542618834,NA
"12439",2013-01-26,20.5009694363902,NA
"12440",2013-01-27,20.1820339055964,NA
"12441",2013-01-28,19.815385622699,NA
"12442",2013-01-29,19.3156530754884,NA
"12443",2013-01-30,19.5170223225465,NA
"12444",2013-01-31,18.1231960902206,NA
"12445",2013-02-01,17.5170402571964,NA
"12446",2013-02-02,17.5288314934119,NA
"12447",2013-02-03,17.6634949511329,NA
"12448",2013-02-04,17.5663135834305,NA
"12449",2013-02-05,18.629437142716,NA
"12450",2013-02-06,19.4621550626103,NA
"12451",2013-02-07,20.3686908397373,NA
"12452",2013-02-08,21.2612859689942,NA
"12453",2013-02-09,21.6683200104306,NA
"12454",2013-02-10,21.4848427117092,NA
"12455",2013-02-11,21.5976760340736,NA
"12456",2013-02-12,21.4066066522809,NA
"12457",2013-02-13,21.2044339718316,NA
"12458",2013-02-14,21.0926887239142,NA
"12459",2013-02-15,21.1573544049256,NA
"12460",2013-02-16,21.3643737248893,NA
"12461",2013-02-17,22.0759191813057,NA
"12462",2013-02-18,22.5371427586008,NA
"12463",2013-02-19,22.335839695626,NA
"12464",2013-02-20,22.1215271809163,NA
"12465",2013-02-21,22.0985894587684,NA
"12466",2013-02-22,22.0846127692841,NA
"12467",2013-02-23,22.0997090232179,NA
"12468",2013-02-24,22.1710083702562,NA
"12469",2013-02-25,21.8938769310043,NA
"12470",2013-02-26,22.2462273861627,NA
"12471",2013-02-27,22.0291488435108,NA
"12472",2013-02-28,21.4115097116344,NA
"12473",2013-03-01,20.8189807031729,NA
"12474",2013-03-02,20.3195240362875,NA
"12475",2013-03-03,19.7107163736327,NA
"12476",2013-03-04,19.6448151362775,NA
"12477",2013-03-05,19.7188378280168,NA
"12478",2013-03-06,20.4671324411265,NA
"12479",2013-03-07,21.4552801774494,NA
"12480",2013-03-08,22.1776755730938,NA
"12481",2013-03-09,22.5640888013885,NA
"12482",2013-03-10,22.7786328866985,NA
"12483",2013-03-11,22.9617902330036,NA
"12484",2013-03-12,23.112222527628,NA
"12485",2013-03-13,22.9557071293199,NA
"12486",2013-03-14,22.5998192967327,NA
"12487",2013-03-15,22.1019246462672,NA
"12488",2013-03-16,21.1324935925436,NA
"12489",2013-03-17,19.8378668599943,NA
"12490",2013-03-18,18.3001439468883,NA
"12491",2013-03-19,16.7739470431035,NA
"12492",2013-03-20,17.1086408287073,NA
"12493",2013-03-21,17.0384244048135,NA
"12494",2013-03-22,16.5505453247744,NA
"12495",2013-03-23,17.0665070185138,NA
"12496",2013-03-24,17.7995600966647,NA
"12497",2013-03-25,18.3562444028802,NA
"12498",2013-03-26,19.1081441720654,NA
"12499",2013-03-27,19.346718254827,NA
"12500",2013-03-28,18.8600465298298,NA
"12501",2013-03-29,18.7843662565001,NA
"12502",2013-03-30,18.7124675196891,NA
"12503",2013-03-31,18.0879211567429,NA
"12504",2013-04-01,17.6949783405597,NA
"12505",2013-04-02,16.4822567234905,NA
"12506",2013-04-03,14.7794946385221,NA
"12507",2013-04-04,15.0584782066655,NA
"12508",2013-04-05,15.7505071459051,NA
"12509",2013-04-06,16.0612370766095,NA
"12510",2013-04-07,16.8020229452437,NA
"12511",2013-04-08,17.0803954146374,NA
"12512",2013-04-09,17.5310042443797,NA
"12513",2013-04-10,18.3431333960662,NA
"12514",2013-04-11,18.4513197334406,NA
"12515",2013-04-12,18.6245362728558,NA
"12516",2013-04-13,18.5733414719393,NA
"12517",2013-04-14,18.308201476532,NA
"12518",2013-04-15,17.5603105969701,NA
"12519",2013-04-16,16.8369350521804,NA
"12520",2013-04-17,15.9611126856245,NA
"12521",2013-04-18,15.4144894331455,NA
"12522",2013-04-19,13.9087301686521,NA
"12523",2013-04-20,12.6674543170529,NA
"12524",2013-04-21,12.2647213794145,NA
"12525",2013-04-22,12.5542341002647,NA
"12526",2013-04-23,12.7572810977475,NA
"12527",2013-04-24,12.748752474165,NA
"12528",2013-04-25,13.2937175953202,NA
"12529",2013-04-26,14.105396946342,NA
"12530",2013-04-27,15.4894433350009,NA
"12531",2013-04-28,15.5130862269612,NA
"12532",2013-04-29,15.1462868911523,NA
"12533",2013-04-30,14.9159140525218,NA
"12534",2013-05-01,14.5348581490115,NA
"12535",2013-05-02,13.8537982665232,NA
"12536",2013-05-03,13.7252458969156,NA
"12537",2013-05-04,12.2210146766511,NA
"12538",2013-05-05,11.4634773373358,NA
"12539",2013-05-06,11.6218676922245,NA
"12540",2013-05-07,11.6874866799624,NA
"12541",2013-05-08,12.6027004157589,NA
"12542",2013-05-09,13.3569075165111,NA
"12543",2013-05-10,13.5229520151528,NA
"12544",2013-05-11,14.5248913787806,NA
"12545",2013-05-12,15.32576780205,NA
"12546",2013-05-13,14.7790342906429,NA
"12547",2013-05-14,14.281641827432,NA
"12548",2013-05-15,13.4894334521423,NA
"12549",2013-05-16,12.7371391382976,NA
"12550",2013-05-17,11.810437254082,NA
"12551",2013-05-18,10.4628226947019,NA
"12552",2013-05-19,9.82583942157407,NA
"12553",2013-05-20,9.8822311674891,NA
"12554",2013-05-21,9.91413332425013,NA
"12555",2013-05-22,9.65603226608097,NA
"12556",2013-05-23,9.43026309022897,NA
"12557",2013-05-24,9.43433650094973,NA
"12558",2013-05-25,9.90459115067196,NA
"12559",2013-05-26,10.0632316884371,NA
"12560",2013-05-27,10.1390498822964,NA
"12561",2013-05-28,10.3735075485037,NA
"12562",2013-05-29,11.1619710466633,NA
"12563",2013-05-30,11.8194734326695,NA
"12564",2013-05-31,12.5422552910538,NA
"12565",2013-06-01,12.6865272576664,NA
"12566",2013-06-02,12.5010056465483,NA
"12567",2013-06-03,12.8128189780201,NA
"12568",2013-06-04,12.9360193930126,NA
"12569",2013-06-05,12.4928637185974,NA
"12570",2013-06-06,12.4029109272142,NA
"12571",2013-06-07,11.1974812480613,NA
"12572",2013-06-08,10.2979618441968,NA
"12573",2013-06-09,9.8368705001634,NA
"12574",2013-06-10,9.7119294901097,NA
"12575",2013-06-11,9.65733377572945,NA
"12576",2013-06-12,9.65833833035038,NA
"12577",2013-06-13,9.39875523866794,NA
"12578",2013-06-14,9.74070316336854,NA
"12579",2013-06-15,10.0483475940073,NA
"12580",2013-06-16,10.1067846343006,NA
"12581",2013-06-17,9.82829887306404,NA
"12582",2013-06-18,9.31213762835384,NA
"12583",2013-06-19,8.54654178922953,NA
"12584",2013-06-20,7.70974724171112,NA
"12585",2013-06-21,7.27348614326891,NA
"12586",2013-06-22,6.93082847536833,NA
"12587",2013-06-23,6.74595404889662,NA
"12588",2013-06-24,6.72753430586057,NA
"12589",2013-06-25,6.87280955184,NA
"12590",2013-06-26,7.135522491348,NA
"12591",2013-06-27,7.79495688598475,NA
"12592",2013-06-28,8.42897196920262,NA
"12593",2013-06-29,8.7748507032434,NA
"12594",2013-06-30,9.62479937217035,NA
"12595",2013-07-01,10.2544823476806,NA
"12596",2013-07-02,10.5711669146752,NA
"12597",2013-07-03,10.8631409866528,NA
"12598",2013-07-04,10.8566275274426,NA
"12599",2013-07-05,10.5603709283952,NA
"12600",2013-07-06,10.4342265002937,NA
"12601",2013-07-07,9.44059700333217,NA
"12602",2013-07-08,8.28149362052,NA
"12603",2013-07-09,7.65187215948091,NA
"12604",2013-07-10,7.18348558551629,NA
"12605",2013-07-11,6.86326026730973,NA
"12606",2013-07-12,7.22727275856583,NA
"12607",2013-07-13,7.96681500768169,NA
"12608",2013-07-14,8.98767625085828,NA
"12609",2013-07-15,10.0453064004843,NA
"12610",2013-07-16,10.803502117375,NA
"12611",2013-07-17,11.8548241344096,NA
"12612",2013-07-18,12.9886583068226,NA
"12613",2013-07-19,12.8413782245744,NA
"12614",2013-07-20,11.665247704227,NA
"12615",2013-07-21,10.6138236137865,NA
"12616",2013-07-22,10.0009043179583,NA
"12617",2013-07-23,9.70783897923262,NA
"12618",2013-07-24,8.71693892105331,NA
"12619",2013-07-25,7.59823836905009,NA
"12620",2013-07-26,7.49028689380671,NA
"12621",2013-07-27,8.29920193043972,NA
"12622",2013-07-28,9.21564635986729,NA
"12623",2013-07-29,9.75979762613536,NA
"12624",2013-07-30,9.45815996602662,NA
"12625",2013-07-31,9.65323780203529,NA
"12626",2013-08-01,9.64160548216916,NA
"12627",2013-08-02,9.24869102488427,NA
"12628",2013-08-03,8.95738507159716,NA
"12629",2013-08-04,8.72577013610356,NA
"12630",2013-08-05,8.77369512546226,NA
"12631",2013-08-06,8.81302233446834,NA
"12632",2013-08-07,8.72204951278443,NA
"12633",2013-08-08,8.82510648436424,NA
"12634",2013-08-09,9.08785895527248,NA
"12635",2013-08-10,9.21638267213903,NA
"12636",2013-08-11,9.3993449238594,NA
"12637",2013-08-12,8.9329107773132,NA
"12638",2013-08-13,9.31884405907432,NA
"12639",2013-08-14,9.29209546259608,NA
"12640",2013-08-15,9.49571787379457,NA
"12641",2013-08-16,9.88312810592633,NA
"12642",2013-08-17,10.008294526621,NA
"12643",2013-08-18,9.6876331710052,NA
"12644",2013-08-19,9.19126900811843,NA
"12645",2013-08-20,8.61381936109343,NA
"12646",2013-08-21,8.82920073421417,NA
"12647",2013-08-22,8.97476249766648,NA
"12648",2013-08-23,9.04023979831421,NA
"12649",2013-08-24,9.32207485823254,NA
"12650",2013-08-25,9.72211329555955,NA
"12651",2013-08-26,10.689659173116,NA
"12652",2013-08-27,11.7307639481467,NA
"12653",2013-08-28,12.8216421985845,NA
"12654",2013-08-29,13.4194890063518,NA
"12655",2013-08-30,13.5457238559642,NA
"12656",2013-08-31,14.0196464626667,NA
"12657",2013-09-01,14.6616104371884,NA
"12658",2013-09-02,15.1306327358211,NA
"12659",2013-09-03,15.7425611128677,NA
"12660",2013-09-04,16.2271456809156,NA
"12661",2013-09-05,16.2152008776497,NA
"12662",2013-09-06,16.0021654786043,NA
"12663",2013-09-07,15.4855116232345,NA
"12664",2013-09-08,15.137425336047,NA
"12665",2013-09-09,15.3169857031229,NA
"12666",2013-09-10,14.2667902092116,NA
"12667",2013-09-11,12.8245919512072,NA
"12668",2013-09-12,11.6238043553894,NA
"12669",2013-09-13,11.4455389628258,NA
"12670",2013-09-14,11.6063512570415,NA
"12671",2013-09-15,11.8395640702816,NA
"12672",2013-09-16,11.2045536060636,NA
"12673",2013-09-17,11.716139501084,NA
"12674",2013-09-18,11.8536859551621,NA
"12675",2013-09-19,12.5469581063443,NA
"12676",2013-09-20,12.5794824835241,NA
"12677",2013-09-21,12.73478008453,NA
"12678",2013-09-22,12.451005075967,NA
"12679",2013-09-23,13.2830602063139,NA
"12680",2013-09-24,13.7585427907093,NA
"12681",2013-09-25,14.491493432307,NA
"12682",2013-09-26,14.0452938110554,NA
"12683",2013-09-27,14.4865863981592,NA
"12684",2013-09-28,13.8429127003108,NA
"12685",2013-09-29,14.1493786760122,NA
"12686",2013-09-30,14.2652781384275,NA
"12687",2013-10-01,13.2541545677534,NA
"12688",2013-10-02,12.411049103984,NA
"12689",2013-10-03,12.4223525604357,NA
"12690",2013-10-04,12.55820961485,NA
"12691",2013-10-05,13.5787123094714,NA
"12692",2013-10-06,12.9474038240433,NA
"12693",2013-10-07,12.0178283365029,NA
"12694",2013-10-08,12.6572208455326,NA
"12695",2013-10-09,14.3362623659961,NA
"12696",2013-10-10,14.8182061433696,NA
"12697",2013-10-11,14.7729407865681,NA
"12698",2013-10-12,14.8785912095115,NA
"12699",2013-10-13,14.529736833429,NA
"12700",2013-10-14,14.0084377397412,NA
"12701",2013-10-15,13.8487593741842,NA
"12702",2013-10-16,13.4546757821021,NA
"12703",2013-10-17,12.8239632370117,NA
"12704",2013-10-18,12.9226005706389,NA
"12705",2013-10-19,13.2203787292845,NA
"12706",2013-10-20,15.071862638733,NA
"12707",2013-10-21,15.8078222480103,NA
"12708",2013-10-22,15.9848097301386,NA
"12709",2013-10-23,14.9134044593594,NA
"12710",2013-10-24,15.026626879349,NA
"12711",2013-10-25,14.5990377331547,NA
"12712",2013-10-26,13.6226383621915,NA
"12713",2013-10-27,12.4450468022598,NA
"12714",2013-10-28,12.4349874850462,NA
"12715",2013-10-29,11.9910560570885,NA
"12716",2013-10-30,12.3670588580246,NA
"12717",2013-10-31,12.963609562939,NA
"12718",2013-11-01,13.9979002102101,NA
"12719",2013-11-02,15.0328213519262,NA
"12720",2013-11-03,14.6328489473095,NA
"12721",2013-11-04,14.1637657864307,NA
"12722",2013-11-05,15.057146459677,NA
"12723",2013-11-06,16.249384858905,NA
"12724",2013-11-07,17.1024927199433,NA
"12725",2013-11-08,16.6138739115934,NA
"12726",2013-11-09,15.4698362099764,NA
"12727",2013-11-10,15.612352526396,NA
"12728",2013-11-11,15.8959934694671,NA
"12729",2013-11-12,14.9018984329614,NA
"12730",2013-11-13,13.4336506582811,NA
"12731",2013-11-14,12.5323181662419,NA
"12732",2013-11-15,12.292676393742,NA
"12733",2013-11-16,12.7936782100228,NA
"12734",2013-11-17,13.3810280645777,NA
"12735",2013-11-18,14.5218438194107,NA
"12736",2013-11-19,15.6834324221255,NA
"12737",2013-11-20,15.8989090455378,NA
"12738",2013-11-21,16.4816897848464,NA
"12739",2013-11-22,16.8668160325771,NA
"12740",2013-11-23,16.8789989769464,NA
"12741",2013-11-24,16.6427915478647,NA
"12742",2013-11-25,16.0399356568703,NA
"12743",2013-11-26,16.3789038454865,NA
"12744",2013-11-27,17.9880114801614,NA
"12745",2013-11-28,17.7188071039656,NA
"12746",2013-11-29,17.3628880859839,NA
"12747",2013-11-30,17.47151690018,NA
"12748",2013-12-01,18.7405099872038,NA
"12749",2013-12-02,19.9686163388711,NA
"12750",2013-12-03,20.1793138407515,NA
"12751",2013-12-04,18.7489856197578,NA
"12752",2013-12-05,18.0957669090063,NA
"12753",2013-12-06,18.1993169906377,NA
"12754",2013-12-07,18.797256202765,NA
"12755",2013-12-08,18.8050610830137,NA
"12756",2013-12-09,17.3391838607667,NA
"12757",2013-12-10,16.3202035564744,NA
"12758",2013-12-11,16.5654282995015,NA
"12759",2013-12-12,17.7742608033087,NA
"12760",2013-12-13,18.2962668445276,NA
"12761",2013-12-14,17.6910387014663,NA
"12762",2013-12-15,16.7813523093506,NA
"12763",2013-12-16,17.067186799679,NA
"12764",2013-12-17,17.457468751257,NA
"12765",2013-12-18,18.8998496428897,NA
"12766",2013-12-19,20.1888190451264,NA
"12767",2013-12-20,20.5192578851787,NA
"12768",2013-12-21,21.061744128293,NA
"12769",2013-12-22,21.4540659144818,NA
"12770",2013-12-23,21.2205855793333,NA
"12771",2013-12-24,21.17767535202,NA
"12772",2013-12-25,20.9191199359937,NA
"12773",2013-12-26,19.9114884952116,NA
"12774",2013-12-27,19.624438525241,NA
"12775",2013-12-28,19.5820619435266,NA
"12776",2013-12-29,18.6831958802619,NA
"12777",2013-12-30,18.8944801286473,NA
"12778",2013-12-31,19.2089073069801,NA
"12779",2014-01-01,18.8493655082735,NA
"12780",2014-01-02,18.6672970558159,NA
"12781",2014-01-03,18.7120434586487,NA
"12782",2014-01-04,18.0279327305851,NA
"12783",2014-01-05,18.3434861270698,NA
"12784",2014-01-06,18.0883251508559,NA
"12785",2014-01-07,17.1851237438042,NA
"12786",2014-01-08,17.2864918732345,NA
"12787",2014-01-09,18.0501201806826,NA
"12788",2014-01-10,18.9216794747126,NA
"12789",2014-01-11,19.538535620879,NA
"12790",2014-01-12,19.9338642110088,NA
"12791",2014-01-13,21.278608092672,NA
"12792",2014-01-14,22.6455858819714,NA
"12793",2014-01-15,23.0865813586231,NA
"12794",2014-01-16,23.2349689266473,NA
"12795",2014-01-17,23.246669912286,NA
"12796",2014-01-18,23.2457633677677,NA
"12797",2014-01-19,23.2395540342116,NA
"12798",2014-01-20,23.0948511256742,NA
"12799",2014-01-21,22.4208069856608,NA
"12800",2014-01-22,21.3625527562193,NA
"12801",2014-01-23,20.6919602912299,NA
"12802",2014-01-24,19.4209251697921,NA
"12803",2014-01-25,19.002094503214,NA
"12804",2014-01-26,19.4418093351654,NA
"12805",2014-01-27,20.3614965096218,NA
"12806",2014-01-28,21.2853030176903,NA
"12807",2014-01-29,21.3862961121039,NA
"12808",2014-01-30,21.4579296325131,NA
"12809",2014-01-31,21.9690279038813,NA
"12810",2014-02-01,22.7128184466469,NA
"12811",2014-02-02,23.0737971440868,NA
"12812",2014-02-03,22.8379495144802,NA
"12813",2014-02-04,22.3991660659008,NA
"12814",2014-02-05,22.6485711401888,NA
"12815",2014-02-06,22.6434567562479,NA
"12816",2014-02-07,22.7107813196251,NA
"12817",2014-02-08,22.8835520629278,NA
"12818",2014-02-09,22.4348618438511,NA
"12819",2014-02-10,22.3371046447359,NA
"12820",2014-02-11,22.5874310495048,NA
"12821",2014-02-12,22.6801449521806,NA
"12822",2014-02-13,22.5887675584561,NA
"12823",2014-02-14,22.5235105702482,NA
"12824",2014-02-15,21.801136140899,NA
"12825",2014-02-16,21.3345530264123,NA
"12826",2014-02-17,21.4465735770003,NA
"12827",2014-02-18,21.4346082027372,NA
"12828",2014-02-19,20.5660886365023,NA
"12829",2014-02-20,19.516543664429,NA
"12830",2014-02-21,18.4907853152965,NA
"12831",2014-02-22,17.8488712260152,NA
"12832",2014-02-23,18.2156691376671,NA
"12833",2014-02-24,18.6145448270521,NA
"12834",2014-02-25,18.4057077658642,NA
"12835",2014-02-26,18.4652184182734,NA
"12836",2014-02-27,18.5136107346255,NA
"12837",2014-02-28,18.9466787047685,NA
"12838",2014-03-01,19.2930467616281,NA
"12839",2014-03-02,19.0069027310023,NA
"12840",2014-03-03,18.9321325033199,NA
"12841",2014-03-04,19.316859483926,NA
"12842",2014-03-05,19.2713579377253,NA
"12843",2014-03-06,19.3732846266523,NA
"12844",2014-03-07,19.2696759543883,NA
"12845",2014-03-08,19.5609481616174,NA
"12846",2014-03-09,20.3303366913916,NA
"12847",2014-03-10,20.6807831735159,NA
"12848",2014-03-11,20.3686529890311,NA
"12849",2014-03-12,20.3457417708015,NA
"12850",2014-03-13,20.5262760018434,NA
"12851",2014-03-14,20.9369998986799,NA
"12852",2014-03-15,20.5643157711004,NA
"12853",2014-03-16,19.64219387211,NA
"12854",2014-03-17,18.7089544378287,NA
"12855",2014-03-18,18.1355089316784,NA
"12856",2014-03-19,18.2146668631006,NA
"12857",2014-03-20,18.7516192002909,NA
"12858",2014-03-21,18.062131927892,NA
"12859",2014-03-22,17.5735985069581,NA
"12860",2014-03-23,17.2247843824901,NA
"12861",2014-03-24,16.8475495300491,NA
"12862",2014-03-25,17.0325384038189,NA
"12863",2014-03-26,17.6338121604955,NA
"12864",2014-03-27,17.2170313999057,NA
"12865",2014-03-28,17.2697442030103,NA
"12866",2014-03-29,18.1015742211589,NA
"12867",2014-03-30,18.9230116747044,NA
"12868",2014-03-31,19.8283650107971,NA
"12869",2014-04-01,20.5341516751678,NA
"12870",2014-04-02,20.2674329239373,NA
"12871",2014-04-03,19.8006608866814,NA
"12872",2014-04-04,19.6253972786888,NA
"12873",2014-04-05,19.3297439558116,NA
"12874",2014-04-06,19.0227996072144,NA
"12875",2014-04-07,18.5336465378271,NA
"12876",2014-04-08,17.5351963641643,NA
"12877",2014-04-09,17.2800323479955,NA
"12878",2014-04-10,17.6157288561734,NA
"12879",2014-04-11,17.6280672635801,NA
"12880",2014-04-12,17.4456120711789,NA
"12881",2014-04-13,17.0703956677457,NA
"12882",2014-04-14,16.3830130703432,NA
"12883",2014-04-15,15.9268764576788,NA
"12884",2014-04-16,15.704643077301,NA
"12885",2014-04-17,15.5862361603389,NA
"12886",2014-04-18,15.0132884106413,NA
"12887",2014-04-19,14.3386065634701,NA
"12888",2014-04-20,13.9775119521744,NA
"12889",2014-04-21,14.0513855281636,NA
"12890",2014-04-22,13.8985340567591,NA
"12891",2014-04-23,13.6975708631801,NA
"12892",2014-04-24,12.7488031159533,NA
"12893",2014-04-25,13.1504019674385,NA
"12894",2014-04-26,13.0774600759185,NA
"12895",2014-04-27,12.7947883875551,NA
"12896",2014-04-28,13.2945581441132,NA
"12897",2014-04-29,13.1644821688632,NA
"12898",2014-04-30,12.5080451442797,NA
"12899",2014-05-01,12.6311211773161,NA
"12900",2014-05-02,11.8086124477139,NA
"12901",2014-05-03,11.6767175222103,NA
"12902",2014-05-04,11.6662178519342,NA
"12903",2014-05-05,10.5478074051144,NA
"12904",2014-05-06,10.2383987981742,NA
"12905",2014-05-07,10.1834737072095,NA
"12906",2014-05-08,10.0759982501695,NA
"12907",2014-05-09,10.7602671811769,NA
"12908",2014-05-10,10.97502583667,NA
"12909",2014-05-11,11.2284482470518,NA
"12910",2014-05-12,11.4424344061388,NA
"12911",2014-05-13,11.7697312676481,NA
"12912",2014-05-14,12.7112604741707,NA
"12913",2014-05-15,13.6627605064942,NA
"12914",2014-05-16,14.0240908490393,NA
"12915",2014-05-17,14.7749484484146,NA
"12916",2014-05-18,15.4388530938008,NA
"12917",2014-05-19,16.055794159839,NA
"12918",2014-05-20,16.2653994509736,NA
"12919",2014-05-21,16.4592393999544,NA
"12920",2014-05-22,16.5158569210656,NA
"12921",2014-05-23,16.0997065631516,NA
"12922",2014-05-24,15.6158087426618,NA
"12923",2014-05-25,15.2627277027596,NA
"12924",2014-05-26,15.4097208589649,NA
"12925",2014-05-27,15.297450944047,NA
"12926",2014-05-28,14.6819089533645,NA
"12927",2014-05-29,13.6304047493986,NA
"12928",2014-05-30,13.3762587706958,NA
"12929",2014-05-31,13.5215326331855,NA
"12930",2014-06-01,13.1622290436738,NA
"12931",2014-06-02,12.5676873394953,NA
"12932",2014-06-03,12.4728201921491,NA
"12933",2014-06-04,12.5863566712775,NA
"12934",2014-06-05,12.5392120155316,NA
"12935",2014-06-06,12.4628170817006,NA
"12936",2014-06-07,11.9987605126258,NA
"12937",2014-06-08,11.5255701107802,NA
"12938",2014-06-09,10.9719503716059,NA
"12939",2014-06-10,10.3987336207362,NA
"12940",2014-06-11,10.0865190048173,NA
"12941",2014-06-12,10.4685208023501,NA
"12942",2014-06-13,10.5578099386561,NA
"12943",2014-06-14,10.5915698548976,NA
"12944",2014-06-15,10.8618289898171,NA
"12945",2014-06-16,10.8867956959885,NA
"12946",2014-06-17,11.1454580929986,NA
"12947",2014-06-18,10.9379180166448,NA
"12948",2014-06-19,10.3444599103157,NA
"12949",2014-06-20,10.2864038636943,NA
"12950",2014-06-21,10.1264756525198,NA
"12951",2014-06-22,10.3248085266753,NA
"12952",2014-06-23,9.87971144128111,NA
"12953",2014-06-24,9.75674085804735,NA
"12954",2014-06-25,10.1154274727397,NA
"12955",2014-06-26,10.5361931795933,NA
"12956",2014-06-27,10.3099219077292,NA
"12957",2014-06-28,9.96572100451129,NA
"12958",2014-06-29,9.23734672066946,NA
"12959",2014-06-30,9.42409725652113,NA
"12960",2014-07-01,9.35848219624005,NA
"12961",2014-07-02,8.81333666654296,NA
"12962",2014-07-03,8.29901781003728,NA
"12963",2014-07-04,8.20882347694615,NA
"12964",2014-07-05,8.42898461326169,NA
"12965",2014-07-06,8.78180136115219,NA
"12966",2014-07-07,8.84160775072764,NA
"12967",2014-07-08,8.92599260669034,NA
"12968",2014-07-09,8.65681992475114,NA
"12969",2014-07-10,8.79850907642343,NA
"12970",2014-07-11,8.77758479940886,NA
"12971",2014-07-12,8.22058394712857,NA
"12972",2014-07-13,8.04210370221253,NA
"12973",2014-07-14,7.91704172398152,NA
"12974",2014-07-15,7.73243045658406,NA
"12975",2014-07-16,8.15094987861554,NA
"12976",2014-07-17,7.79455830117045,NA
"12977",2014-07-18,7.69451263883564,NA
"12978",2014-07-19,7.99953216816906,NA
"12979",2014-07-20,7.89107632380273,NA
"12980",2014-07-21,7.56178265318927,NA
"12981",2014-07-22,7.08703638775212,NA
"12982",2014-07-23,6.90436878022262,NA
"12983",2014-07-24,7.52030958185055,NA
"12984",2014-07-25,7.89972338845266,NA
"12985",2014-07-26,8.01059821041897,NA
"12986",2014-07-27,8.33563454390201,NA
"12987",2014-07-28,9.05137237280198,NA
"12988",2014-07-29,10.2176903462882,NA
"12989",2014-07-30,11.0853412231001,NA
"12990",2014-07-31,10.7423064569355,NA
"12991",2014-08-01,9.70765669102161,NA
"12992",2014-08-02,9.14265632020614,NA
"12993",2014-08-03,8.34860083035653,NA
"12994",2014-08-04,7.50314740206729,NA
"12995",2014-08-05,7.05518557147212,NA
"12996",2014-08-06,6.54081921032838,NA
"12997",2014-08-07,6.95689942517468,NA
"12998",2014-08-08,7.57431939539244,NA
"12999",2014-08-09,8.4929406657826,NA
"13000",2014-08-10,8.87282311768427,NA
"13001",2014-08-11,8.99129437686304,NA
"13002",2014-08-12,8.62942593979978,NA
"13003",2014-08-13,8.55969004249879,NA
"13004",2014-08-14,8.0732121595372,NA
"13005",2014-08-15,8.15714000431672,NA
"13006",2014-08-16,7.83630816334148,NA
"13007",2014-08-17,8.4072860498757,NA
"13008",2014-08-18,9.02984621135103,NA
"13009",2014-08-19,9.22342606333306,NA
"13010",2014-08-20,9.04802527356459,NA
"13011",2014-08-21,9.41400655500365,NA
"13012",2014-08-22,9.78239462622017,NA
"13013",2014-08-23,10.4647061738514,NA
"13014",2014-08-24,10.6330976735285,NA
"13015",2014-08-25,10.7264102481184,NA
"13016",2014-08-26,11.3064082441536,NA
"13017",2014-08-27,12.0065570683717,NA
"13018",2014-08-28,12.335342308027,NA
"13019",2014-08-29,12.4056840529234,NA
"13020",2014-08-30,12.3056852012617,NA
"13021",2014-08-31,12.8798148199075,NA
"13022",2014-09-01,12.6783116132172,NA
"13023",2014-09-02,11.9792396453681,NA
"13024",2014-09-03,11.1532224927793,NA
"13025",2014-09-04,10.6600098589874,NA
"13026",2014-09-05,10.4793825753899,NA
"13027",2014-09-06,10.4720816838487,NA
"13028",2014-09-07,10.1660414256738,NA
"13029",2014-09-08,11.4099393588747,NA
"13030",2014-09-09,12.0628183015415,NA
"13031",2014-09-10,13.0038377478191,NA
"13032",2014-09-11,12.9474778824378,NA
"13033",2014-09-12,12.633366037257,NA
"13034",2014-09-13,12.3286393472267,NA
"13035",2014-09-14,12.3039305983378,NA
"13036",2014-09-15,11.8554992837434,NA
"13037",2014-09-16,11.5573895808083,NA
"13038",2014-09-17,10.8330241363427,NA
"13039",2014-09-18,10.7809539040139,NA
"13040",2014-09-19,11.1116413440287,NA
"13041",2014-09-20,11.0788696106773,NA
"13042",2014-09-21,10.7152257163558,NA
"13043",2014-09-22,10.7083060995803,NA
"13044",2014-09-23,11.9303265138256,NA
"13045",2014-09-24,13.0076633439767,NA
"13046",2014-09-25,13.5313822113897,NA
"13047",2014-09-26,13.7703771362226,NA
"13048",2014-09-27,14.6652076931626,NA
"13049",2014-09-28,15.8597570620492,NA
"13050",2014-09-29,16.013722066866,NA
"13051",2014-09-30,14.9501256220835,NA
"13052",2014-10-01,14.082210484689,NA
"13053",2014-10-02,14.1965049879587,NA
"13054",2014-10-03,14.3043951602446,NA
"13055",2014-10-04,14.571752058381,NA
"13056",2014-10-05,13.8968743394047,NA
"13057",2014-10-06,14.0963565636357,NA
"13058",2014-10-07,14.0894591575119,NA
"13059",2014-10-08,14.470545601045,NA
"13060",2014-10-09,14.9174822203156,NA
"13061",2014-10-10,15.5540737261657,NA
"13062",2014-10-11,15.3985092019875,NA
"13063",2014-10-12,15.8628035883471,NA
"13064",2014-10-13,14.8270805276484,NA
"13065",2014-10-14,14.5685262632932,NA
"13066",2014-10-15,14.3228389040383,NA
"13067",2014-10-16,13.6271802697946,NA
"13068",2014-10-17,12.9155154356173,NA
"13069",2014-10-18,13.1054846038141,NA
"13070",2014-10-19,12.950209767409,NA
"13071",2014-10-20,13.5916477200095,NA
"13072",2014-10-21,15.1199086650206,NA
"13073",2014-10-22,16.5206214627881,NA
"13074",2014-10-23,17.551927377883,NA
"13075",2014-10-24,18.535150801121,NA
"13076",2014-10-25,18.2721884885443,NA
"13077",2014-10-26,18.6710843411466,NA
"13078",2014-10-27,18.6105700727767,NA
"13079",2014-10-28,17.8728849913049,NA
"13080",2014-10-29,17.1810333235238,NA
"13081",2014-10-30,16.9007010996229,NA
"13082",2014-10-31,17.2519524924783,NA
"13083",2014-11-01,16.4752720551182,NA
"13084",2014-11-02,15.2508938824255,NA
"13085",2014-11-03,15.8467722002966,NA
"13086",2014-11-04,16.52404074008,NA
"13087",2014-11-05,16.1256052047928,NA
"13088",2014-11-06,16.2452627928768,NA
"13089",2014-11-07,16.348587256276,NA
"13090",2014-11-08,17.6248228877181,NA
"13091",2014-11-09,17.9875471522646,NA
"13092",2014-11-10,17.611053723666,NA
"13093",2014-11-11,16.9144285427566,NA
"13094",2014-11-12,17.8930705805013,NA
"13095",2014-11-13,19.017239565758,NA
"13096",2014-11-14,17.8319485654686,NA
"13097",2014-11-15,17.0311760740367,NA
"13098",2014-11-16,17.0195777436582,NA
"13099",2014-11-17,17.0151081308364,NA
"13100",2014-11-18,17.3718912966569,NA
"13101",2014-11-19,17.5930455507219,NA
"13102",2014-11-20,16.9068941405107,NA
"13103",2014-11-21,17.4551254363775,NA
"13104",2014-11-22,18.5444885924337,NA
"13105",2014-11-23,19.4111717079205,NA
"13106",2014-11-24,19.4897139389696,NA
"13107",2014-11-25,19.4445344586504,NA
"13108",2014-11-26,18.6017691980121,NA
"13109",2014-11-27,17.6940456101574,NA
"13110",2014-11-28,17.5541850659637,NA
"13111",2014-11-29,17.679217337663,NA
"13112",2014-11-30,18.408527490471,NA
"13113",2014-12-01,19.181580992392,NA
"13114",2014-12-02,19.8429587258134,NA
"13115",2014-12-03,20.4405713782069,NA
"13116",2014-12-04,21.1215376278785,NA
"13117",2014-12-05,21.2233214394927,NA
"13118",2014-12-06,20.6873846801638,NA
"13119",2014-12-07,19.5053473392942,NA
"13120",2014-12-08,18.9283900245862,NA
"13121",2014-12-09,18.5242718338175,NA
"13122",2014-12-10,18.3332693717942,NA
"13123",2014-12-11,17.6872415968944,NA
"13124",2014-12-12,17.9162000599181,NA
"13125",2014-12-13,18.6548177585734,NA
"13126",2014-12-14,19.198708156607,NA
"13127",2014-12-15,19.9488448073247,NA
"13128",2014-12-16,19.9833678493067,NA
"13129",2014-12-17,19.7235543682566,NA
"13130",2014-12-18,19.5606927698071,NA
"13131",2014-12-19,18.9918446612312,NA
"13132",2014-12-20,18.486991439466,NA
"13133",2014-12-21,18.9614567815337,NA
"13134",2014-12-22,19.2316232519478,NA
"13135",2014-12-23,19.252900413239,NA
"13136",2014-12-24,19.3521343036151,NA
"13137",2014-12-25,19.6141900623487,NA
"13138",2014-12-26,19.5298441332119,NA
"13139",2014-12-27,19.4074232355733,NA
"13140",2014-12-28,19.3556194807524,NA
"13141",2014-12-29,18.3331616983948,NA
"13142",2014-12-30,18.140552683077,NA
"13143",2014-12-31,18.3780436798637,NA
"13144",2015-01-01,18.946848911481,NA
"13145",2015-01-02,20.7794687756809,NA
"13146",2015-01-03,21.6143356684272,NA
"13147",2015-01-04,21.1186639179012,NA
"13148",2015-01-05,21.3855207489432,NA
"13149",2015-01-06,22.0020929121011,NA
"13150",2015-01-07,22.5874173549626,NA
"13151",2015-01-08,22.6376798575058,NA
"13152",2015-01-09,21.597133715745,NA
"13153",2015-01-10,20.7029120711785,NA
"13154",2015-01-11,21.0762191059676,NA
"13155",2015-01-12,21.5848861688912,NA
"13156",2015-01-13,21.1637815408683,NA
"13157",2015-01-14,20.1521423185223,NA
"13158",2015-01-15,19.378920573176,NA
"13159",2015-01-16,19.989697982938,NA
"13160",2015-01-17,20.1274578236139,NA
"13161",2015-01-18,19.4623370576167,NA
"13162",2015-01-19,18.5154244077436,NA
"13163",2015-01-20,18.8911472148237,NA
"13164",2015-01-21,19.6797399775148,NA
"13165",2015-01-22,20.8240854531421,NA
"13166",2015-01-23,20.9281061192136,NA
"13167",2015-01-24,21.2656484707083,NA
"13168",2015-01-25,21.2514669371094,NA
"13169",2015-01-26,20.9448014913567,NA
"13170",2015-01-27,20.2875089705356,NA
"13171",2015-01-28,19.482904464497,NA
"13172",2015-01-29,18.1507532664883,NA
"13173",2015-01-30,17.3655812442484,NA
"13174",2015-01-31,16.5586178345773,NA
"13175",2015-02-01,16.7354062149464,NA
"13176",2015-02-02,17.088719501414,NA
"13177",2015-02-03,17.3278002345027,NA
"13178",2015-02-04,17.0336866559007,NA
"13179",2015-02-05,17.698773097914,NA
"13180",2015-02-06,19.1825811299082,NA
"13181",2015-02-07,20.1981852891902,NA
"13182",2015-02-08,20.3595074138756,NA
"13183",2015-02-09,20.7636181271963,NA
"13184",2015-02-10,21.4351489747792,NA
"13185",2015-02-11,21.9535734455523,NA
"13186",2015-02-12,21.9592295447776,NA
"13187",2015-02-13,21.6087830115883,NA
"13188",2015-02-14,21.2258262285709,NA
"13189",2015-02-15,21.906769475094,NA
"13190",2015-02-16,21.8056214940731,NA
"13191",2015-02-17,21.2511384687434,NA
"13192",2015-02-18,20.9117891757821,NA
"13193",2015-02-19,21.152991609455,NA
"13194",2015-02-20,21.2903329244665,NA
"13195",2015-02-21,21.8403740179793,NA
"13196",2015-02-22,21.8551529861943,NA
"13197",2015-02-23,21.7101180895625,NA
"13198",2015-02-24,21.5333779632293,NA
"13199",2015-02-25,21.7061076825761,NA
"13200",2015-02-26,21.342972046454,NA
"13201",2015-02-27,21.094774273896,NA
"13202",2015-02-28,20.5025992868708,NA
"13203",2015-03-01,19.2097093535697,NA
"13204",2015-03-02,19.4473927782758,NA
"13205",2015-03-03,19.6582145645546,NA
"13206",2015-03-04,19.4085824784083,NA
"13207",2015-03-05,18.9650056688293,NA
"13208",2015-03-06,18.391063966303,NA
"13209",2015-03-07,17.9126074545437,NA
"13210",2015-03-08,18.4191716931231,NA
"13211",2015-03-09,18.184346948569,NA
"13212",2015-03-10,18.1330807996009,NA
"13213",2015-03-11,18.1742529560682,NA
"13214",2015-03-12,18.2048136065276,NA
"13215",2015-03-13,17.8896511203728,NA
"13216",2015-03-14,18.0470266339709,NA
"13217",2015-03-15,17.369106961899,NA
"13218",2015-03-16,17.7320450055412,NA
"13219",2015-03-17,18.1633079607865,NA
"13220",2015-03-18,18.173328404123,NA
"13221",2015-03-19,18.8009534593912,NA
"13222",2015-03-20,18.7656042143185,NA
"13223",2015-03-21,18.3212898261262,NA
"13224",2015-03-22,19.3246999849558,NA
"13225",2015-03-23,18.9458191797726,NA
"13226",2015-03-24,17.8561915253961,NA
"13227",2015-03-25,17.1558869660398,NA
"13228",2015-03-26,16.1311657751831,NA
"13229",2015-03-27,16.0439812284875,NA
"13230",2015-03-28,15.637543941518,NA
"13231",2015-03-29,14.7381700019978,NA
"13232",2015-03-30,14.7966232610447,NA
"13233",2015-03-31,16.0195941793971,NA
"13234",2015-04-01,17.0801206744146,NA
"13235",2015-04-02,16.8347451132347,NA
"13236",2015-04-03,16.8390955113103,NA
"13237",2015-04-04,17.3930509452361,NA
"13238",2015-04-05,17.1703495296976,NA
"13239",2015-04-06,16.5414777985813,NA
"13240",2015-04-07,15.3092015184224,NA
"13241",2015-04-08,13.9639840566458,NA
"13242",2015-04-09,14.2453590950271,NA
"13243",2015-04-10,14.4560412040391,NA
"13244",2015-04-11,14.4241707202405,NA
"13245",2015-04-12,13.9599722949111,NA
"13246",2015-04-13,14.6145361646384,NA
"13247",2015-04-14,15.6291204399259,NA
"13248",2015-04-15,16.5817507551122,NA
"13249",2015-04-16,16.6040967750386,NA
"13250",2015-04-17,16.5113563991911,NA
"13251",2015-04-18,15.9403974651341,NA
"13252",2015-04-19,15.5849261451856,NA
"13253",2015-04-20,14.4886833734003,NA
"13254",2015-04-21,13.4832203033157,NA
"13255",2015-04-22,12.816130053483,NA
"13256",2015-04-23,13.1441894022503,NA
"13257",2015-04-24,13.1830116785146,NA
"13258",2015-04-25,13.0090149840321,NA
"13259",2015-04-26,13.3373919695288,NA
"13260",2015-04-27,13.4794652531433,NA
"13261",2015-04-28,13.2287255916795,NA
"13262",2015-04-29,12.5918595361298,NA
"13263",2015-04-30,12.198187178366,NA
"13264",2015-05-01,12.4331779383801,NA
"13265",2015-05-02,12.8108512025469,NA
"13266",2015-05-03,12.9756054478836,NA
"13267",2015-05-04,13.7491559672947,NA
"13268",2015-05-05,13.7281491130369,NA
"13269",2015-05-06,13.6570893806774,NA
"13270",2015-05-07,13.2329293022431,NA
"13271",2015-05-08,12.646220870029,NA
"13272",2015-05-09,12.52594710586,NA
"13273",2015-05-10,12.5650045131306,NA
"13274",2015-05-11,12.0941138609172,NA
"13275",2015-05-12,11.8136166682118,NA
"13276",2015-05-13,11.5588799338692,NA
"13277",2015-05-14,11.7601171811215,NA
"13278",2015-05-15,11.4977847545327,NA
"13279",2015-05-16,11.1244756113971,NA
"13280",2015-05-17,11.0017670733501,NA
"13281",2015-05-18,11.0794683734137,NA
"13282",2015-05-19,11.7739082451725,NA
"13283",2015-05-20,12.189315750529,NA
"13284",2015-05-21,12.02053526821,NA
"13285",2015-05-22,11.8916775214779,NA
"13286",2015-05-23,11.3221978718013,NA
"13287",2015-05-24,10.8689720765274,NA
"13288",2015-05-25,10.3289641122346,NA
"13289",2015-05-26,10.053435681122,NA
"13290",2015-05-27,10.2425895507072,NA
"13291",2015-05-28,10.5206081124605,NA
"13292",2015-05-29,10.7024138915672,NA
"13293",2015-05-30,11.3921822405024,NA
"13294",2015-05-31,11.1783403680551,NA
"13295",2015-06-01,10.5373040153987,NA
"13296",2015-06-02,9.91993034547805,NA
"13297",2015-06-03,8.95165050449451,NA
"13298",2015-06-04,8.10845567732297,NA
"13299",2015-06-05,7.73814971811011,NA
"13300",2015-06-06,7.63209774369277,NA
"13301",2015-06-07,7.98818023690846,NA
"13302",2015-06-08,9.05892435319502,NA
"13303",2015-06-09,9.13728077641407,NA
"13304",2015-06-10,9.39621350460645,NA
"13305",2015-06-11,9.63754882850899,NA
"13306",2015-06-12,9.82644950790274,NA
"13307",2015-06-13,9.78680536377949,NA
"13308",2015-06-14,9.98674852829512,NA
"13309",2015-06-15,9.93295836026972,NA
"13310",2015-06-16,10.6011426054648,NA
"13311",2015-06-17,11.1387471429835,NA
"13312",2015-06-18,11.1164609544321,NA
"13313",2015-06-19,10.6093720135381,NA
"13314",2015-06-20,9.80071185003421,NA
"13315",2015-06-21,8.94965220497019,NA
"13316",2015-06-22,8.39509920211594,NA
"13317",2015-06-23,8.39547150084357,NA
"13318",2015-06-24,8.22448276858587,NA
"13319",2015-06-25,8.42275054317448,NA
"13320",2015-06-26,8.80887363058642,NA
"13321",2015-06-27,9.29238024547487,NA
"13322",2015-06-28,9.75468240264464,NA
"13323",2015-06-29,9.49319530554717,NA
"13324",2015-06-30,8.80758033793284,NA
"13325",2015-07-01,8.74025571614334,NA
"13326",2015-07-02,8.14793224005364,NA
"13327",2015-07-03,7.8566559795754,NA
"13328",2015-07-04,7.68031423759175,NA
"13329",2015-07-05,7.5568491481195,NA
"13330",2015-07-06,7.4934734519014,NA
"13331",2015-07-07,7.50093383611447,NA
"13332",2015-07-08,7.37227002221216,NA
"13333",2015-07-09,7.84040088393204,NA
"13334",2015-07-10,8.27700950729005,NA
"13335",2015-07-11,7.95615251306194,NA
"13336",2015-07-12,8.09833589087847,NA
"13337",2015-07-13,8.21102359056662,NA
"13338",2015-07-14,7.80059912938118,NA
"13339",2015-07-15,7.50293304966538,NA
"13340",2015-07-16,7.3503504686911,NA
"13341",2015-07-17,6.8902163088979,NA
"13342",2015-07-18,6.72066547772144,NA
"13343",2015-07-19,6.16803020766858,NA
"13344",2015-07-20,6.19773529219413,NA
"13345",2015-07-21,7.17749139525919,NA
"13346",2015-07-22,7.37548350759114,NA
"13347",2015-07-23,7.62910179011617,NA
"13348",2015-07-24,8.00017952693317,NA
"13349",2015-07-25,8.79160748105811,NA
"13350",2015-07-26,8.88929171513141,NA
"13351",2015-07-27,8.8453585070325,NA
"13352",2015-07-28,8.32819853257254,NA
"13353",2015-07-29,8.17813386521645,NA
"13354",2015-07-30,7.78253090456219,NA
"13355",2015-07-31,7.76107875402202,NA
"13356",2015-08-01,7.47800525346164,NA
"13357",2015-08-02,7.97718578530757,NA
"13358",2015-08-03,7.34906960268332,NA
"13359",2015-08-04,7.20343217502146,NA
"13360",2015-08-05,7.13950797917219,NA
"13361",2015-08-06,7.49223713832519,NA
"13362",2015-08-07,7.60478622032605,NA
"13363",2015-08-08,7.83210538184751,NA
"13364",2015-08-09,7.76710362169003,NA
"13365",2015-08-10,8.48317998367405,NA
"13366",2015-08-11,8.79039795131034,NA
"13367",2015-08-12,8.92159501914261,NA
"13368",2015-08-13,8.97627156230612,NA
"13369",2015-08-14,9.13839381637733,NA
"13370",2015-08-15,9.09193257732024,NA
"13371",2015-08-16,9.51379309923702,NA
"13372",2015-08-17,9.13010625490469,NA
"13373",2015-08-18,8.59656423542432,NA
"13374",2015-08-19,8.61566675736355,NA
"13375",2015-08-20,8.99843020820279,NA
"13376",2015-08-21,9.17814550743169,NA
"13377",2015-08-22,9.59485680097713,NA
"13378",2015-08-23,9.57863020807642,NA
"13379",2015-08-24,10.1697658288626,NA
"13380",2015-08-25,10.7737918830121,NA
"13381",2015-08-26,11.2789560185497,NA
"13382",2015-08-27,10.8828268824774,NA
"13383",2015-08-28,10.1266012487866,NA
"13384",2015-08-29,9.65410014967117,NA
"13385",2015-08-30,9.14871534125926,NA
"13386",2015-08-31,8.65235668882112,NA
"13387",2015-09-01,8.6531999586409,NA
"13388",2015-09-02,8.68119944249579,NA
"13389",2015-09-03,8.61646495421344,NA
"13390",2015-09-04,8.9222736434879,NA
"13391",2015-09-05,8.96610981305671,NA
"13392",2015-09-06,9.2809218296745,NA
"13393",2015-09-07,9.69436410894755,NA
"13394",2015-09-08,9.76462718344079,NA
"13395",2015-09-09,9.66239791304997,NA
"13396",2015-09-10,9.72379994173405,NA
"13397",2015-09-11,10.3269009184385,NA
"13398",2015-09-12,11.3325018730666,NA
"13399",2015-09-13,12.491095400514,NA
"13400",2015-09-14,13.8962232143654,NA
"13401",2015-09-15,13.7848751295239,NA
"13402",2015-09-16,13.679101411714,NA
"13403",2015-09-17,13.8899003123681,NA
"13404",2015-09-18,13.413623247557,NA
"13405",2015-09-19,13.1118016623513,NA
"13406",2015-09-20,12.8110157176262,NA
"13407",2015-09-21,11.5636678687109,NA
"13408",2015-09-22,11.170573526603,NA
"13409",2015-09-23,10.7805857205328,NA
"13410",2015-09-24,10.5434714424206,NA
"13411",2015-09-25,10.7705730258121,NA
"13412",2015-09-26,10.7454384619503,NA
"13413",2015-09-27,10.6251788173421,NA
"13414",2015-09-28,11.1020669411351,NA
"13415",2015-09-29,11.8776296409967,NA
"13416",2015-09-30,12.1558789519531,NA
"13417",2015-10-01,12.9386847521829,NA
"13418",2015-10-02,14.1220053349863,NA
"13419",2015-10-03,15.4828874697576,NA
"13420",2015-10-04,16.3762274916797,NA
"13421",2015-10-05,17.9987493662764,NA
"13422",2015-10-06,18.8553459398798,NA
"13423",2015-10-07,18.9969791951471,NA
"13424",2015-10-08,19.3710288916645,NA
"13425",2015-10-09,19.5525793477419,NA
"13426",2015-10-10,19.4291257320092,NA
"13427",2015-10-11,18.9758548926559,NA
"13428",2015-10-12,17.1465956340438,NA
"13429",2015-10-13,16.6048830496668,NA
"13430",2015-10-14,17.8999765366546,NA
"13431",2015-10-15,18.8042868573693,NA
"13432",2015-10-16,18.3177053929872,NA
"13433",2015-10-17,17.6003100158698,NA
"13434",2015-10-18,17.2263216771649,NA
"13435",2015-10-19,18.4394242560256,NA
"13436",2015-10-20,19.2996442862017,NA
"13437",2015-10-21,18.3721210956491,NA
"13438",2015-10-22,16.6745929188533,NA
"13439",2015-10-23,16.0522140847954,NA
"13440",2015-10-24,16.2531983878472,NA
"13441",2015-10-25,17.3448350595089,NA
"13442",2015-10-26,16.1872880588466,NA
"13443",2015-10-27,15.2753083185437,NA
"13444",2015-10-28,16.0609159556544,NA
"13445",2015-10-29,17.140071640582,NA
"13446",2015-10-30,18.2730412015432,NA
"13447",2015-10-31,18.6548075010897,NA
"13448",2015-11-01,18.1334435409544,NA
"13449",2015-11-02,18.1626370580973,NA
"13450",2015-11-03,18.1247923292013,NA
"13451",2015-11-04,18.386870507953,NA
"13452",2015-11-05,18.1195637269143,NA
"13453",2015-11-06,17.4235079096762,NA
"13454",2015-11-07,16.4108123609383,NA
"13455",2015-11-08,16.6910207604995,NA
"13456",2015-11-09,18.1036066703163,NA
"13457",2015-11-10,17.6029791704506,NA
"13458",2015-11-11,17.3654646509585,NA
"13459",2015-11-12,17.3291379884998,NA
"13460",2015-11-13,17.0627995957581,NA
"13461",2015-11-14,17.3133450065598,NA
"13462",2015-11-15,16.825646043211,NA
"13463",2015-11-16,16.7039507790236,NA
"13464",2015-11-17,17.9315080393078,NA
"13465",2015-11-18,18.9949505518,NA
"13466",2015-11-19,19.5845139798867,NA
"13467",2015-11-20,19.7611034036043,NA
"13468",2015-11-21,19.7718312076817,NA
"13469",2015-11-22,19.8298815033645,NA
"13470",2015-11-23,19.1948236508533,NA
"13471",2015-11-24,19.0164351957052,NA
"13472",2015-11-25,18.6049913060593,NA
"13473",2015-11-26,17.1343677888277,NA
"13474",2015-11-27,16.9576079979642,NA
"13475",2015-11-28,17.367358881923,NA
"13476",2015-11-29,17.1914545487809,NA
"13477",2015-11-30,17.9853148920703,NA
"13478",2015-12-01,17.3083739758907,NA
"13479",2015-12-02,16.0384258389964,NA
"13480",2015-12-03,17.0402096965765,NA
"13481",2015-12-04,18.3875548805614,NA
"13482",2015-12-05,19.1573976798426,NA
"13483",2015-12-06,20.373157340843,NA
"13484",2015-12-07,20.7018351236241,NA
"13485",2015-12-08,21.5333520059224,NA
"13486",2015-12-09,21.8623962601563,NA
"13487",2015-12-10,21.9547838818966,NA
"13488",2015-12-11,21.1174175533668,NA
"13489",2015-12-12,20.2594619587971,NA
"13490",2015-12-13,19.5724307891028,NA
"13491",2015-12-14,19.118838704472,NA
"13492",2015-12-15,18.9514013676779,NA
"13493",2015-12-16,19.5679217161181,NA
"13494",2015-12-17,20.4522926443863,NA
"13495",2015-12-18,21.8911785166671,NA
"13496",2015-12-19,22.874658188666,NA
"13497",2015-12-20,22.9248975376904,NA
"13498",2015-12-21,22.6584038670387,NA
"13499",2015-12-22,22.5857781499063,NA
"13500",2015-12-23,22.5193023784739,NA
"13501",2015-12-24,22.4427733799846,NA
"13502",2015-12-25,22.1601992547611,NA
"13503",2015-12-26,20.6797607663996,NA
"13504",2015-12-27,20.004653880198,NA
"13505",2015-12-28,20.227253188219,NA
"13506",2015-12-29,20.2230235618428,NA
"13507",2015-12-30,20.7191636830282,NA
"13508",2015-12-31,20.9534968264745,NA
"13509",2016-01-01,20.6068613905485,NA
"13510",2016-01-02,21.2042072378883,NA
"13511",2016-01-03,21.6343690510042,NA
"13512",2016-01-04,21.7407063836858,NA
"13513",2016-01-05,21.6486037229259,NA
"13514",2016-01-06,20.9640345484683,NA
"13515",2016-01-07,19.7942510377727,NA
"13516",2016-01-08,19.4160650513369,NA
"13517",2016-01-09,19.3220227526604,NA
"13518",2016-01-10,19.9863241834098,NA
"13519",2016-01-11,20.5030553951259,NA
"13520",2016-01-12,20.9271109793102,NA
"13521",2016-01-13,21.6693247492571,NA
"13522",2016-01-14,21.3891881074043,NA
"13523",2016-01-15,21.0592375235118,NA
"13524",2016-01-16,21.0035346878639,NA
"13525",2016-01-17,20.829078434857,NA
"13526",2016-01-18,20.9243902762042,NA
"13527",2016-01-19,21.2757000519624,NA
"13528",2016-01-20,20.9257157671457,NA
"13529",2016-01-21,21.7584343519016,NA
"13530",2016-01-22,22.1098689365204,NA
"13531",2016-01-23,22.0476383623397,NA
"13532",2016-01-24,21.6617642274046,NA
"13533",2016-01-25,21.1529576307936,NA
"13534",2016-01-26,20.7598974788313,NA
"13535",2016-01-27,20.5142246414936,NA
"13536",2016-01-28,20.1429671321363,NA
"13537",2016-01-29,19.6114783845785,NA
"13538",2016-01-30,19.5442081789486,NA
"13539",2016-01-31,18.9899392192459,NA
"13540",2016-02-01,19.1197628189052,NA
"13541",2016-02-02,18.9990057557458,NA
"13542",2016-02-03,18.4344088962665,NA
"13543",2016-02-04,18.1489571714078,NA
"13544",2016-02-05,19.0561577022706,NA
"13545",2016-02-06,19.8411658047798,NA
"13546",2016-02-07,20.826516168716,NA
"13547",2016-02-08,20.8218555825364,NA
"13548",2016-02-09,20.6555692932492,NA
"13549",2016-02-10,20.9462511974282,NA
"13550",2016-02-11,21.1115340569508,NA
"13551",2016-02-12,21.2154822450918,NA
"13552",2016-02-13,21.0935237351241,NA
"13553",2016-02-14,20.6218408735013,NA
"13554",2016-02-15,20.6277724289166,NA
"13555",2016-02-16,20.0288257922444,NA
"13556",2016-02-17,19.7706796626653,NA
"13557",2016-02-18,19.7109187375784,NA
"13558",2016-02-19,19.0054157153872,NA
"13559",2016-02-20,18.115692493561,NA
"13560",2016-02-21,18.5782370729539,NA
"13561",2016-02-22,19.3261405127269,NA
"13562",2016-02-23,20.8731544244449,NA
"13563",2016-02-24,21.5426836759068,NA
"13564",2016-02-25,21.7281609834134,NA
"13565",2016-02-26,21.9123150774322,NA
"13566",2016-02-27,22.1519164471752,NA
"13567",2016-02-28,21.9062361156683,NA
"13568",2016-02-29,21.4599771337772,NA
"13569",2016-03-01,20.9008469829542,NA
"13570",2016-03-02,20.7663152575301,NA
"13571",2016-03-03,20.8055470331599,NA
"13572",2016-03-04,21.4655857432601,NA
"13573",2016-03-05,21.6852991298937,NA
"13574",2016-03-06,22.1576344246211,NA
"13575",2016-03-07,22.3699926056913,NA
"13576",2016-03-08,22.7359459845672,NA
"13577",2016-03-09,22.6869765747786,NA
"13578",2016-03-10,22.5808284372848,NA
"13579",2016-03-11,22.3521871260198,NA
"13580",2016-03-12,22.2176699000963,NA
"13581",2016-03-13,21.9226840681498,NA
"13582",2016-03-14,21.4117038734767,NA
"13583",2016-03-15,20.5638984464614,NA
"13584",2016-03-16,20.6314561073292,NA
"13585",2016-03-17,21.032334271452,NA
"13586",2016-03-18,20.1350381381895,NA
"13587",2016-03-19,19.3879780313324,NA
"13588",2016-03-20,18.7525412426243,NA
"13589",2016-03-21,18.7064057275511,NA
"13590",2016-03-22,18.3771267462835,NA
"13591",2016-03-23,17.9864653797796,NA
"13592",2016-03-24,17.0195670984443,NA
"13593",2016-03-25,17.3330344473308,NA
"13594",2016-03-26,17.7233802728503,NA
"13595",2016-03-27,17.5379872048558,NA
"13596",2016-03-28,17.3366655414649,NA
"13597",2016-03-29,16.8476933887361,NA
"13598",2016-03-30,15.7306395442302,NA
"13599",2016-03-31,15.7232134588885,NA
"13600",2016-04-01,16.3003471554721,NA
"13601",2016-04-02,16.0430172827704,NA
"13602",2016-04-03,15.9601575066909,NA
"13603",2016-04-04,16.3708114652772,NA
"13604",2016-04-05,17.1037220961726,NA
"13605",2016-04-06,16.8400201657822,NA
"13606",2016-04-07,16.3551028493026,NA
"13607",2016-04-08,15.4931504903072,NA
"13608",2016-04-09,15.6618851197709,NA
"13609",2016-04-10,16.1127761432859,NA
"13610",2016-04-11,15.7921469273433,NA
"13611",2016-04-12,14.9230344849978,NA
"13612",2016-04-13,15.5126142612438,NA
"13613",2016-04-14,16.1044591004472,NA
"13614",2016-04-15,16.7336183999469,NA
"13615",2016-04-16,16.5704654863724,NA
"13616",2016-04-17,16.1660320805496,NA
"13617",2016-04-18,16.458089927544,NA
"13618",2016-04-19,17.0534824677047,NA
"13619",2016-04-20,17.9101787020493,NA
"13620",2016-04-21,17.7972650068643,NA
"13621",2016-04-22,17.0017779906626,NA
"13622",2016-04-23,16.8362547580972,NA
"13623",2016-04-24,16.9182004369396,NA
"13624",2016-04-25,16.7376947206345,NA
"13625",2016-04-26,16.6654586282037,NA
"13626",2016-04-27,16.5247147188138,NA
"13627",2016-04-28,17.0405704894994,NA
"13628",2016-04-29,17.6235280833738,NA
"13629",2016-04-30,18.125923244552,NA
"13630",2016-05-01,17.5312576573877,NA
"13631",2016-05-02,17.1712732687252,NA
"13632",2016-05-03,16.3152504082023,NA
"13633",2016-05-04,15.2664144371254,NA
"13634",2016-05-05,14.5280205988465,NA
"13635",2016-05-06,14.4998496488971,NA
"13636",2016-05-07,14.6365675467328,NA
"13637",2016-05-08,15.7096937214725,NA
"13638",2016-05-09,15.9227361649175,NA
"13639",2016-05-10,16.0761883183605,NA
"13640",2016-05-11,16.1989139726234,NA
"13641",2016-05-12,16.2840919774022,NA
"13642",2016-05-13,16.0216226516777,NA
"13643",2016-05-14,15.6688285521567,NA
"13644",2016-05-15,14.9557848458146,NA
"13645",2016-05-16,14.8123652765795,NA
"13646",2016-05-17,14.819335171894,NA
"13647",2016-05-18,14.7307942890855,NA
"13648",2016-05-19,14.4041162206031,NA
"13649",2016-05-20,13.8344667615677,NA
"13650",2016-05-21,13.3015299568933,NA
"13651",2016-05-22,13.8474804871311,NA
"13652",2016-05-23,13.4263228813881,NA
"13653",2016-05-24,12.9799609869143,NA
"13654",2016-05-25,12.5534621796357,NA
"13655",2016-05-26,11.7019318702004,NA
"13656",2016-05-27,11.3658844183784,NA
"13657",2016-05-28,10.8608579989515,NA
"13658",2016-05-29,9.68199184524139,NA
"13659",2016-05-30,9.22456626050546,NA
"13660",2016-05-31,9.0694730416806,NA
"13661",2016-06-01,8.85940708948639,NA
"13662",2016-06-02,9.16797355490965,NA
"13663",2016-06-03,9.56388828558157,NA
"13664",2016-06-04,10.1242644898971,NA
"13665",2016-06-05,10.4489629469593,NA
"13666",2016-06-06,10.631318199678,NA
"13667",2016-06-07,10.9023604339642,NA
"13668",2016-06-08,11.2147070869682,NA
"13669",2016-06-09,11.299136954064,NA
"13670",2016-06-10,11.032359310719,NA
"13671",2016-06-11,10.0516126662411,NA
"13672",2016-06-12,9.39753964858804,NA
"13673",2016-06-13,9.02920923812592,NA
"13674",2016-06-14,8.57049205297342,NA
"13675",2016-06-15,8.07746430041942,NA
"13676",2016-06-16,8.06070037759081,NA
"13677",2016-06-17,8.40636664584822,NA
"13678",2016-06-18,8.77452193458373,NA
"13679",2016-06-19,9.62832797978739,NA
"13680",2016-06-20,10.1583339038024,NA
"13681",2016-06-21,10.4830221835462,NA
"13682",2016-06-22,10.7924345490271,NA
"13683",2016-06-23,10.3561147780343,NA
"13684",2016-06-24,9.15597651115761,NA
"13685",2016-06-25,8.63548319988763,NA
"13686",2016-06-26,7.61339490774168,NA
"13687",2016-06-27,6.96074301646944,NA
"13688",2016-06-28,6.86702811399814,NA
"13689",2016-06-29,6.7112706348505,NA
"13690",2016-06-30,6.59117275256213,NA
"13691",2016-07-01,7.47038652574355,NA
"13692",2016-07-02,8.40675682639552,NA
"13693",2016-07-03,9.24180810060754,NA
"13694",2016-07-04,9.58071565940164,NA
"13695",2016-07-05,9.74421982075206,NA
"13696",2016-07-06,9.94029101674731,NA
"13697",2016-07-07,10.429167209658,NA
"13698",2016-07-08,10.2942967611914,NA
"13699",2016-07-09,10.0105289372749,NA
"13700",2016-07-10,10.0038981823537,NA
"13701",2016-07-11,10.4269667089045,NA
"13702",2016-07-12,9.56274063530887,NA
"13703",2016-07-13,8.89443440817377,NA
"13704",2016-07-14,8.58339938251303,NA
"13705",2016-07-15,8.49541787018329,NA
"13706",2016-07-16,8.10524513382808,NA
"13707",2016-07-17,8.14219106045415,NA
"13708",2016-07-18,8.40860601820187,NA
"13709",2016-07-19,9.48123694259774,NA
"13710",2016-07-20,10.1129431068351,NA
"13711",2016-07-21,10.9479512131488,NA
"13712",2016-07-22,11.1140311470078,NA
"13713",2016-07-23,10.792523967699,NA
"13714",2016-07-24,10.2389428328716,NA
"13715",2016-07-25,9.3655940880873,NA
"13716",2016-07-26,8.68439970012746,NA
"13717",2016-07-27,8.38270325675263,NA
"13718",2016-07-28,7.8314756716911,NA
"13719",2016-07-29,7.87605054927233,NA
"13720",2016-07-30,8.69781107839072,NA
"13721",2016-07-31,9.44919819573679,NA
"13722",2016-08-01,9.72362246569538,NA
"13723",2016-08-02,9.9803703195598,NA
"13724",2016-08-03,9.88195157007486,NA
"13725",2016-08-04,9.32473749442814,NA
"13726",2016-08-05,9.01195691155613,NA
"13727",2016-08-06,8.84281714429183,NA
"13728",2016-08-07,8.17450165733833,NA
"13729",2016-08-08,8.14758842637435,NA
"13730",2016-08-09,8.48389586018074,NA
"13731",2016-08-10,8.49153259772635,NA
"13732",2016-08-11,8.7684229725188,NA
"13733",2016-08-12,8.83617463939622,NA
"13734",2016-08-13,8.92894481330218,NA
"13735",2016-08-14,9.33115360964867,NA
"13736",2016-08-15,9.58319777119217,NA
"13737",2016-08-16,9.87004792332398,NA
"13738",2016-08-17,10.4142278573891,NA
"13739",2016-08-18,11.6249072756613,NA
"13740",2016-08-19,11.3873526648104,NA
"13741",2016-08-20,11.3200480950483,NA
"13742",2016-08-21,11.2083399182591,NA
"13743",2016-08-22,11.0104329646636,NA
"13744",2016-08-23,10.1294641357547,NA
"13745",2016-08-24,9.55288770362897,NA
"13746",2016-08-25,8.16914273403142,NA
"13747",2016-08-26,8.42622183755897,NA
"13748",2016-08-27,8.42186450809276,NA
"13749",2016-08-28,8.6077134999043,NA
"13750",2016-08-29,9.13277125733593,NA
"13751",2016-08-30,9.94648926149559,NA
"13752",2016-08-31,10.8046813079052,NA
"13753",2016-09-01,11.4683173058693,NA
"13754",2016-09-02,11.784061321921,NA
"13755",2016-09-03,11.9382573382917,NA
"13756",2016-09-04,12.0999981750066,NA
"13757",2016-09-05,11.9163796838762,NA
"13758",2016-09-06,11.8781712971754,NA
"13759",2016-09-07,12.199091450097,NA
"13760",2016-09-08,13.0388415505277,NA
"13761",2016-09-09,13.2819767078191,NA
"13762",2016-09-10,13.1802105875951,NA
"13763",2016-09-11,13.1158588899393,NA
"13764",2016-09-12,13.019023560199,NA
"13765",2016-09-13,13.0577263706118,NA
"13766",2016-09-14,12.1710691016037,NA
"13767",2016-09-15,11.1367324045879,NA
"13768",2016-09-16,10.8946471114457,NA
"13769",2016-09-17,11.4219330320756,NA
"13770",2016-09-18,10.9973234662957,NA
"13771",2016-09-19,10.9661659839973,NA
"13772",2016-09-20,10.9534385979384,NA
"13773",2016-09-21,11.3277273984431,NA
"13774",2016-09-22,11.2001303011077,NA
"13775",2016-09-23,11.4972392866123,NA
"13776",2016-09-24,11.3840824928609,NA
"13777",2016-09-25,11.6794499913237,NA
"13778",2016-09-26,11.5476332818248,NA
"13779",2016-09-27,11.0571349140334,NA
"13780",2016-09-28,11.2855284825881,NA
"13781",2016-09-29,11.2480214451591,NA
"13782",2016-09-30,11.0198618581079,NA
"13783",2016-10-01,10.9450939795534,NA
"13784",2016-10-02,11.5822376806999,NA
"13785",2016-10-03,11.7114226183866,NA
"13786",2016-10-04,11.60798071946,NA
"13787",2016-10-05,11.4491663247321,NA
"13788",2016-10-06,12.9318657726187,NA
"13789",2016-10-07,13.2791673663163,NA
"13790",2016-10-08,13.3765600314608,NA
"13791",2016-10-09,13.429370557511,NA
"13792",2016-10-10,13.1838763804064,NA
"13793",2016-10-11,13.4669456274933,NA
"13794",2016-10-12,13.0099809472966,NA
"13795",2016-10-13,11.4823911482415,NA
"13796",2016-10-14,11.6070606118383,NA
"13797",2016-10-15,12.5160422316195,NA
"13798",2016-10-16,12.1330748932233,NA
"13799",2016-10-17,12.6974652464196,NA
"13800",2016-10-18,12.3210466478101,NA
"13801",2016-10-19,12.4806988974664,NA
"13802",2016-10-20,13.6076986029954,NA
"13803",2016-10-21,12.8243917009267,NA
"13804",2016-10-22,11.2563641299688,NA
"13805",2016-10-23,10.810158879517,NA
"13806",2016-10-24,10.8943583897421,NA
"13807",2016-10-25,12.5713789859037,NA
"13808",2016-10-26,13.0343992293023,NA
"13809",2016-10-27,12.0068098268229,NA
"13810",2016-10-28,12.6560351462575,NA
"13811",2016-10-29,14.4143670615146,NA
"13812",2016-10-30,14.797055151335,NA
"13813",2016-10-31,14.4940753527787,NA
"13814",2016-11-01,13.3178292988545,NA
"13815",2016-11-02,13.2125840077396,NA
"13816",2016-11-03,14.029100500804,NA
"13817",2016-11-04,14.6431257450613,NA
"13818",2016-11-05,13.6257970333351,NA
"13819",2016-11-06,14.3980611609613,NA
"13820",2016-11-07,15.1387300605765,NA
"13821",2016-11-08,15.3848642272516,NA
"13822",2016-11-09,15.5672452970614,NA
"13823",2016-11-10,15.2870669153449,NA
"13824",2016-11-11,15.5251328568511,NA
"13825",2016-11-12,15.9090415820175,NA
"13826",2016-11-13,15.26011941127,NA
"13827",2016-11-14,14.7138721895983,NA
"13828",2016-11-15,14.9049175700464,NA
"13829",2016-11-16,15.387196654942,NA
"13830",2016-11-17,16.6702081999225,NA
"13831",2016-11-18,16.2766384186216,NA
"13832",2016-11-19,16.6222585326247,NA
"13833",2016-11-20,18.2821829209156,NA
"13834",2016-11-21,19.5658259274482,NA
"13835",2016-11-22,19.3885210426448,NA
"13836",2016-11-23,18.6816575610562,NA
"13837",2016-11-24,17.6060534645319,NA
"13838",2016-11-25,17.2430972555515,NA
"13839",2016-11-26,16.6816489405172,NA
"13840",2016-11-27,15.1766468092161,NA
"13841",2016-11-28,14.1573841690266,NA
"13842",2016-11-29,14.9285944725834,NA
"13843",2016-11-30,15.6873928590295,NA
"13844",2016-12-01,16.393346792984,NA
"13845",2016-12-02,16.7140044463973,NA
"13846",2016-12-03,17.4911093657285,NA
"13847",2016-12-04,18.4593618752131,NA
"13848",2016-12-05,18.4988278502217,NA
"13849",2016-12-06,18.1802873544101,NA
"13850",2016-12-07,18.8497577549628,NA
"13851",2016-12-08,18.2544096391241,NA
"13852",2016-12-09,17.9562816341701,NA
"13853",2016-12-10,17.431509008536,NA
"13854",2016-12-11,16.6257672368906,NA
"13855",2016-12-12,17.6206308542607,NA
"13856",2016-12-13,18.9246919266361,NA
"13857",2016-12-14,18.0161325253607,NA
"13858",2016-12-15,18.149432501863,NA
"13859",2016-12-16,18.8045527750066,NA
"13860",2016-12-17,18.5497606021409,NA
"13861",2016-12-18,18.1901402814322,NA
"13862",2016-12-19,17.9557225706273,NA
"13863",2016-12-20,16.8489214259729,NA
"13864",2016-12-21,17.1828335275159,NA
"13865",2016-12-22,17.6751884929206,NA
"13866",2016-12-23,18.5042062722889,NA
"13867",2016-12-24,19.8668790270326,NA
"13868",2016-12-25,21.3072172436913,NA
"13869",2016-12-26,21.2736348770571,NA
"13870",2016-12-27,21.8576136238619,NA
"13871",2016-12-28,22.5828024376341,NA
"13872",2016-12-29,22.8522625558921,NA
"13873",2016-12-30,22.747675613316,NA
"13874",2016-12-31,22.5565407912788,NA
"13875",2017-01-01,21.9227612753454,NA
"13876",2017-01-02,21.4662085041182,NA
"13877",2017-01-03,20.9303207570521,NA
"13878",2017-01-04,20.5627401985995,NA
"13879",2017-01-05,20.5644221629245,NA
"13880",2017-01-06,21.0429096424845,NA
"13881",2017-01-07,21.7451418928855,NA
"13882",2017-01-08,22.1711660016918,NA
"13883",2017-01-09,22.394857836953,NA
"13884",2017-01-10,22.5922627454754,NA
"13885",2017-01-11,22.329733434253,NA
"13886",2017-01-12,22.358151839179,NA
"13887",2017-01-13,21.7529151835583,NA
"13888",2017-01-14,20.6775528765413,NA
"13889",2017-01-15,20.0570658689904,NA
"13890",2017-01-16,20.7059723964946,NA
"13891",2017-01-17,21.1296372950587,NA
"13892",2017-01-18,20.765264356917,NA
"13893",2017-01-19,20.5388665664847,NA
"13894",2017-01-20,20.2796963847985,NA
"13895",2017-01-21,20.3290556693049,NA
"13896",2017-01-22,21.0164913574175,NA
"13897",2017-01-23,21.120702921531,NA
"13898",2017-01-24,20.2195982038333,NA
"13899",2017-01-25,20.476112932615,NA
"13900",2017-01-26,20.0979754132772,NA
"13901",2017-01-27,20.7576311070505,NA
"13902",2017-01-28,21.1712326789658,NA
"13903",2017-01-29,21.1752934546795,NA
"13904",2017-01-30,20.7597233061227,NA
"13905",2017-01-31,20.7823780091306,NA
"13906",2017-02-01,20.6912780128508,NA
"13907",2017-02-02,20.732565455087,NA
"13908",2017-02-03,20.5881647212629,NA
"13909",2017-02-04,21.0557107807373,NA
"13910",2017-02-05,20.6728859904219,NA
"13911",2017-02-06,19.8085646412416,NA
"13912",2017-02-07,20.2522465556493,NA
"13913",2017-02-08,21.3291076735019,NA
"13914",2017-02-09,21.8314143367712,NA
"13915",2017-02-10,22.2573506795825,NA
"13916",2017-02-11,21.8770380205911,NA
"13917",2017-02-12,21.4192426713355,NA
"13918",2017-02-13,21.6273049652396,NA
"13919",2017-02-14,21.0499811850217,NA
"13920",2017-02-15,20.4048410235639,NA
"13921",2017-02-16,19.8803474874919,NA
"13922",2017-02-17,18.94623981053,NA
"13923",2017-02-18,17.9754670456848,NA
"13924",2017-02-19,17.5701187062583,NA
"13925",2017-02-20,17.1438529378804,NA
"13926",2017-02-21,17.6364073780505,NA
"13927",2017-02-22,17.8300530709354,NA
"13928",2017-02-23,17.8313918861464,NA
"13929",2017-02-24,17.3946484204538,NA
"13930",2017-02-25,17.7539752870852,NA
"13931",2017-02-26,19.0197730993179,NA
"13932",2017-02-27,20.2063479452124,NA
"13933",2017-02-28,20.8357288325264,NA
"13934",2017-03-01,20.9066970575069,NA
"13935",2017-03-02,21.0532888095175,NA
"13936",2017-03-03,21.5405334886587,NA
"13937",2017-03-04,22.0053789867143,NA
"13938",2017-03-05,21.8480990588285,NA
"13939",2017-03-06,21.5281994404556,NA
"13940",2017-03-07,21.1682651358635,NA
"13941",2017-03-08,20.9755401626844,NA
"13942",2017-03-09,21.2064389321091,NA
"13943",2017-03-10,21.2228245780535,NA
"13944",2017-03-11,21.2154241620803,NA
"13945",2017-03-12,21.2882930973589,NA
"13946",2017-03-13,21.4166385783338,NA
"13947",2017-03-14,21.8078850731532,NA
"13948",2017-03-15,22.0882668464461,NA
"13949",2017-03-16,21.6303620443878,NA
"13950",2017-03-17,21.2706001379518,NA
"13951",2017-03-18,21.2839643609011,NA
"13952",2017-03-19,21.6884405494718,NA
"13953",2017-03-20,21.8787791299983,NA
"13954",2017-03-21,21.5163162140011,NA
"13955",2017-03-22,20.792935496762,NA
"13956",2017-03-23,20.7869117581114,NA
"13957",2017-03-24,21.1660384971212,NA
"13958",2017-03-25,21.0456462959577,NA
"13959",2017-03-26,20.8741914623291,NA
"13960",2017-03-27,20.1643899487679,NA
"13961",2017-03-28,19.8513498576281,NA
"13962",2017-03-29,19.6678315333542,NA
"13963",2017-03-30,18.8991773106458,NA
"13964",2017-03-31,17.712598042796,NA
"13965",2017-04-01,16.6568517307223,NA
"13966",2017-04-02,14.9825411101707,NA
"13967",2017-04-03,14.7553683797291,NA
"13968",2017-04-04,14.5493575409186,NA
"13969",2017-04-05,14.6836372069668,NA
"13970",2017-04-06,15.5304537135978,NA
"13971",2017-04-07,16.5908385244859,NA
"13972",2017-04-08,17.1067827025623,NA
"13973",2017-04-09,16.860926892072,NA
"13974",2017-04-10,16.4753025675879,NA
"13975",2017-04-11,16.1198597495382,NA
"13976",2017-04-12,15.7482147995153,NA
"13977",2017-04-13,15.6504516799554,NA
"13978",2017-04-14,14.6542943263308,NA
"13979",2017-04-15,13.9033532516962,NA
"13980",2017-04-16,14.5581507828166,NA
"13981",2017-04-17,14.8220590657141,NA
"13982",2017-04-18,15.1298368673583,NA
"13983",2017-04-19,15.8926632884129,NA
"13984",2017-04-20,16.2459012025808,NA
"13985",2017-04-21,16.7207687713414,NA
"13986",2017-04-22,17.3359909865659,NA
"13987",2017-04-23,17.680065392604,NA
"13988",2017-04-24,18.2000303976264,NA
"13989",2017-04-25,17.9592044512305,NA
"13990",2017-04-26,16.4535742324836,NA
"13991",2017-04-27,15.2727734517178,NA
"13992",2017-04-28,14.9707973560288,NA
"13993",2017-04-29,14.441638602725,NA
"13994",2017-04-30,13.8392675554081,NA
"13995",2017-05-01,12.9381847250125,NA
"13996",2017-05-02,12.0726819020572,NA
"13997",2017-05-03,12.2175041674138,NA
"13998",2017-05-04,12.1360829914241,NA
"13999",2017-05-05,12.0395884894293,NA
"14000",2017-05-06,11.6073081330093,NA
"14001",2017-05-07,11.0282162248732,NA
"14002",2017-05-08,10.7756317854547,NA
"14003",2017-05-09,11.0896275581046,NA
"14004",2017-05-10,11.2340624389627,NA
"14005",2017-05-11,11.232490392838,NA
"14006",2017-05-12,10.9498499325611,NA
"14007",2017-05-13,10.8439317358054,NA
"14008",2017-05-14,11.0197901363574,NA
"14009",2017-05-15,10.9426355141012,NA
"14010",2017-05-16,11.2541466062164,NA
"14011",2017-05-17,11.6644564648057,NA
"14012",2017-05-18,12.5338472115401,NA
"14013",2017-05-19,12.7482921671601,NA
"14014",2017-05-20,13.0850140156554,NA
"14015",2017-05-21,13.3269273432844,NA
"14016",2017-05-22,13.8989578673243,NA
"14017",2017-05-23,13.929877278572,NA
"14018",2017-05-24,13.6919411597145,NA
"14019",2017-05-25,13.1843849014931,NA
"14020",2017-05-26,13.0670893840129,NA
"14021",2017-05-27,13.0860158322227,NA
"14022",2017-05-28,12.1573215360316,NA
"14023",2017-05-29,11.497681473324,NA
"14024",2017-05-30,10.5689848408653,NA
"14025",2017-05-31,10.0594159128901,NA
"14026",2017-06-01,9.32028312293819,NA
"14027",2017-06-02,8.80836143527377,NA
"14028",2017-06-03,7.79934234899601,NA
"14029",2017-06-04,7.97384056180143,NA
"14030",2017-06-05,8.04018964109699,NA
"14031",2017-06-06,8.311829705803,NA
"14032",2017-06-07,8.1517108132998,NA
"14033",2017-06-08,8.32161661019422,NA
"14034",2017-06-09,8.35148218189823,NA
"14035",2017-06-10,8.75786777254394,NA
"14036",2017-06-11,8.98136482329437,NA
"14037",2017-06-12,8.96992392078671,NA
"14038",2017-06-13,8.92038001409653,NA
"14039",2017-06-14,9.22254519919503,NA
"14040",2017-06-15,9.35175060674454,NA
"14041",2017-06-16,9.33316316795208,NA
"14042",2017-06-17,9.4729937377992,NA
"14043",2017-06-18,9.53972273502005,NA
"14044",2017-06-19,9.35614821006464,NA
"14045",2017-06-20,9.42475971722683,NA
"14046",2017-06-21,9.42559245724561,NA
"14047",2017-06-22,9.15291719596003,NA
"14048",2017-06-23,9.02762444222503,NA
"14049",2017-06-24,8.78579614391855,NA
"14050",2017-06-25,8.61252537868523,NA
"14051",2017-06-26,8.4539003557176,NA
"14052",2017-06-27,8.27509286345584,NA
"14053",2017-06-28,8.11913848372272,NA
"14054",2017-06-29,8.0682435535509,NA
"14055",2017-06-30,7.44566669562727,NA
"14056",2017-07-01,6.84812978112035,NA
"14057",2017-07-02,6.45310706171255,NA
"14058",2017-07-03,6.52159670386993,NA
"14059",2017-07-04,6.98994048541709,NA
"14060",2017-07-05,6.8842512594553,NA
"14061",2017-07-06,6.90702497369371,NA
"14062",2017-07-07,7.26972350241853,NA
"14063",2017-07-08,7.8517025099365,NA
"14064",2017-07-09,8.05467030791813,NA
"14065",2017-07-10,7.90896224915332,NA
"14066",2017-07-11,7.50431596709575,NA
"14067",2017-07-12,7.49016569389736,NA
"14068",2017-07-13,7.7357646993104,NA
"14069",2017-07-14,7.74752360901438,NA
"14070",2017-07-15,7.26738998884724,NA
"14071",2017-07-16,7.21675288630259,NA
"14072",2017-07-17,7.452022074566,NA
"14073",2017-07-18,7.55102866877504,NA
"14074",2017-07-19,7.69139996993013,NA
"14075",2017-07-20,7.10517219697701,NA
"14076",2017-07-21,7.02112972134494,NA
"14077",2017-07-22,7.51979469255142,NA
"14078",2017-07-23,7.83733172308351,NA
"14079",2017-07-24,7.80205013582021,NA
"14080",2017-07-25,8.26625157314256,NA
"14081",2017-07-26,8.14661065261681,NA
"14082",2017-07-27,8.71184861776486,NA
"14083",2017-07-28,9.13813405035583,NA
"14084",2017-07-29,9.90796231652378,NA
"14085",2017-07-30,9.93393563317322,NA
"14086",2017-07-31,9.65255119806576,NA
"14087",2017-08-01,9.02914201272871,NA
"14088",2017-08-02,9.00555067626062,NA
"14089",2017-08-03,8.69446676376154,NA
"14090",2017-08-04,8.51887024135691,NA
"14091",2017-08-05,7.90122589748064,NA
"14092",2017-08-06,7.62718462043445,NA
"14093",2017-08-07,7.60728757712918,NA
"14094",2017-08-08,7.94310911411881,NA
"14095",2017-08-09,8.55848730780482,NA
"14096",2017-08-10,9.3542040534871,NA
"14097",2017-08-11,9.8457788279784,NA
"14098",2017-08-12,10.1150466998372,NA
"14099",2017-08-13,10.8829825809639,NA
"14100",2017-08-14,11.5913482897653,NA
"14101",2017-08-15,11.998714949525,NA
"14102",2017-08-16,12.0286289297016,NA
"14103",2017-08-17,11.3311858101181,NA
"14104",2017-08-18,10.5918027546943,NA
"14105",2017-08-19,9.70792917943795,NA
"14106",2017-08-20,8.95822396361385,NA
"14107",2017-08-21,8.00079148865065,NA
"14108",2017-08-22,7.56866357457727,NA
"14109",2017-08-23,7.08632232776783,NA
"14110",2017-08-24,7.00025789840604,NA
"14111",2017-08-25,7.38210444870846,NA
"14112",2017-08-26,8.0439364582236,NA
"14113",2017-08-27,7.65635854539727,NA
"14114",2017-08-28,7.76611264290595,NA
"14115",2017-08-29,7.46167456736901,NA
"14116",2017-08-30,7.27856239126447,NA
"14117",2017-08-31,7.39736613682556,NA
"14118",2017-09-01,7.6688020513728,NA
"14119",2017-09-02,8.35188922922795,NA
"14120",2017-09-03,9.19294122258371,NA
"14121",2017-09-04,9.08335498102065,NA
"14122",2017-09-05,8.90095329612257,NA
"14123",2017-09-06,9.26240464668889,NA
"14124",2017-09-07,9.47158188624136,NA
"14125",2017-09-08,9.09170216433093,NA
"14126",2017-09-09,8.25744769846054,NA
"14127",2017-09-10,8.25279866738874,NA
"14128",2017-09-11,9.60966092384359,NA
"14129",2017-09-12,10.848290208386,NA
"14130",2017-09-13,10.6768906107153,NA
"14131",2017-09-14,10.8552271491087,NA
"14132",2017-09-15,11.2422418565064,NA
"14133",2017-09-16,10.9779187741465,NA
"14134",2017-09-17,11.024108916284,NA
"14135",2017-09-18,10.6986067098171,NA
"14136",2017-09-19,9.65408274329938,NA
"14137",2017-09-20,10.2586888938629,NA
"14138",2017-09-21,10.9241174327164,NA
"14139",2017-09-22,12.0179098743413,NA
"14140",2017-09-23,13.6994438979101,NA
"14141",2017-09-24,14.0821630861101,NA
"14142",2017-09-25,13.5033400703211,NA
"14143",2017-09-26,14.0925867213951,NA
"14144",2017-09-27,14.5890910554617,NA
"14145",2017-09-28,14.1141493780727,NA
"14146",2017-09-29,13.2459929365586,NA
"14147",2017-09-30,12.0838184171796,NA
"14148",2017-10-01,11.8505580802707,NA
"14149",2017-10-02,12.3458616406921,NA
"14150",2017-10-03,12.6902160570101,NA
"14151",2017-10-04,13.2722447222821,NA
"14152",2017-10-05,13.4143112592573,NA
"14153",2017-10-06,13.2592812781985,NA
"14154",2017-10-07,14.3331746536903,NA
"14155",2017-10-08,15.2236767481477,NA
"14156",2017-10-09,15.2140891459057,NA
"14157",2017-10-10,15.2744267450026,NA
"14158",2017-10-11,14.6011188215045,NA
"14159",2017-10-12,14.6827702427549,NA
"14160",2017-10-13,14.7977436962902,NA
"14161",2017-10-14,13.9621258898815,NA
"14162",2017-10-15,13.7304635089335,NA
"14163",2017-10-16,14.9347082294111,NA
"14164",2017-10-17,15.8670385733357,NA
"14165",2017-10-18,17.1380672047772,NA
"14166",2017-10-19,17.4416177192368,NA
"14167",2017-10-20,17.3764376980265,NA
"14168",2017-10-21,17.4052558172992,NA
"14169",2017-10-22,17.0074839418107,NA
"14170",2017-10-23,16.4741472632972,NA
"14171",2017-10-24,15.9403526802131,NA
"14172",2017-10-25,14.5969959170928,NA
"14173",2017-10-26,14.230892004027,NA
"14174",2017-10-27,15.6042575581734,NA
"14175",2017-10-28,16.2453136076745,NA
"14176",2017-10-29,16.8574091719419,NA
"14177",2017-10-30,15.8989627352128,NA
"14178",2017-10-31,15.3088982946778,NA
"14179",2017-11-01,15.1951714430265,NA
"14180",2017-11-02,15.0574899294765,NA
"14181",2017-11-03,13.42891928091,NA
"14182",2017-11-04,12.5106947601862,NA
"14183",2017-11-05,11.7269050663447,NA
"14184",2017-11-06,12.2267377133576,NA
"14185",2017-11-07,12.0003202542499,NA
"14186",2017-11-08,12.0222241972955,NA
"14187",2017-11-09,12.9295832211547,NA
"14188",2017-11-10,14.7102579382733,NA
"14189",2017-11-11,16.1139909908049,NA
"14190",2017-11-12,17.2938627354977,NA
"14191",2017-11-13,18.8283419619508,NA
"14192",2017-11-14,20.383052601123,NA
"14193",2017-11-15,21.0583851154401,NA
"14194",2017-11-16,20.9822842923469,NA
"14195",2017-11-17,20.7965828652332,NA
"14196",2017-11-18,20.808816563759,NA
"14197",2017-11-19,20.852005342823,NA
"14198",2017-11-20,20.7768145731191,NA
"14199",2017-11-21,20.701333365614,NA
"14200",2017-11-22,20.9612258980857,NA
"14201",2017-11-23,21.621545069491,NA
"14202",2017-11-24,21.9789809018954,NA
"14203",2017-11-25,22.2483287360392,NA
"14204",2017-11-26,22.1962021018615,NA
"14205",2017-11-27,21.7939553924639,NA
"14206",2017-11-28,21.8670677758054,NA
"14207",2017-11-29,22.1847040867337,NA
"14208",2017-11-30,22.3142484416499,NA
"14209",2017-12-01,21.8368367629294,NA
"14210",2017-12-02,20.922877166099,NA
"14211",2017-12-03,20.1774007059383,NA
"14212",2017-12-04,19.7841916059725,NA
"14213",2017-12-05,18.7852456191473,NA
"14214",2017-12-06,17.2661660477471,NA
"14215",2017-12-07,15.592260537923,NA
"14216",2017-12-08,15.2847111830317,NA
"14217",2017-12-09,16.0182525299283,NA
"14218",2017-12-10,16.9371577036671,NA
"14219",2017-12-11,17.5585130634215,NA
"14220",2017-12-12,18.3078747126858,NA
"14221",2017-12-13,19.7190209193177,NA
"14222",2017-12-14,20.1388089356091,NA
"14223",2017-12-15,20.6994827682531,NA
"14224",2017-12-16,20.9399627641546,NA
"14225",2017-12-17,21.1302513382201,NA
"14226",2017-12-18,21.9678545217173,NA
"14227",2017-12-19,21.9907747174476,NA
"14228",2017-12-20,21.0494689686434,NA
"14229",2017-12-21,21.0743131062037,NA
"14230",2017-12-22,21.138299182329,NA
"14231",2017-12-23,21.3331991449943,NA
"14232",2017-12-24,20.8272937101447,NA
"14233",2017-12-25,19.62552643773,NA
"14234",2017-12-26,19.7060505765968,NA
"14235",2017-12-27,20.8736175000601,NA
"14236",2017-12-28,21.322055903052,NA
"14237",2017-12-29,21.2192095180258,NA
"14238",2017-12-30,20.6358280728528,NA
"14239",2017-12-31,21.0514045194253,NA
"14240",2018-01-01,21.3394809700002,NA
"14241",2018-01-02,20.798983010927,NA
"14242",2018-01-03,19.741767775983,NA
"14243",2018-01-04,19.3140299326926,NA
"14244",2018-01-05,20.0164225137875,NA
"14245",2018-01-06,21.0936345831233,NA
"14246",2018-01-07,21.1321220557617,NA
"14247",2018-01-08,21.0774750662844,NA
"14248",2018-01-09,21.032051645919,NA
"14249",2018-01-10,21.3536539301823,NA
"14250",2018-01-11,21.9435971520873,NA
"14251",2018-01-12,21.5072823739851,NA
"14252",2018-01-13,20.2925191069667,NA
"14253",2018-01-14,19.7963781537094,NA
"14254",2018-01-15,19.473855422048,NA
"14255",2018-01-16,19.77657740934,NA
"14256",2018-01-17,20.1208509044276,NA
"14257",2018-01-18,20.2758015297075,NA
"14258",2018-01-19,21.0559849358683,NA
"14259",2018-01-20,21.9607517993735,NA
"14260",2018-01-21,22.5882684666774,NA
"14261",2018-01-22,22.8563152118577,NA
"14262",2018-01-23,22.8707620315105,NA
"14263",2018-01-24,22.7445280496187,NA
"14264",2018-01-25,22.5197974949416,NA
"14265",2018-01-26,22.2961180786987,NA
"14266",2018-01-27,22.4389444638194,NA
"14267",2018-01-28,22.6728188108028,NA
"14268",2018-01-29,22.6472027216827,NA
"14269",2018-01-30,22.3811919099672,NA
"14270",2018-01-31,21.9034801734613,NA
"14271",2018-02-01,21.254454134976,NA
"14272",2018-02-02,20.7441167651621,NA
"14273",2018-02-03,20.0384979130169,NA
"14274",2018-02-04,18.9967277196002,NA
"14275",2018-02-05,19.0620485038842,NA
"14276",2018-02-06,20.2559301286951,NA
"14277",2018-02-07,21.5962767735586,NA
"14278",2018-02-08,22.1628791989232,NA
"14279",2018-02-09,22.396108966329,NA
"14280",2018-02-10,22.4314801572756,NA
"14281",2018-02-11,22.1575913547102,NA
"14282",2018-02-12,21.8059049442399,NA
"14283",2018-02-13,21.5779876706275,NA
"14284",2018-02-14,20.5054774961498,NA
"14285",2018-02-15,19.9710465560699,NA
"14286",2018-02-16,19.3918330176817,NA
"14287",2018-02-17,19.2756436838625,NA
"14288",2018-02-18,19.7581540268064,NA
"14289",2018-02-19,19.932360298709,NA
"14290",2018-02-20,19.8990287311633,NA
"14291",2018-02-21,20.514177815715,NA
"14292",2018-02-22,20.7153134425473,NA
"14293",2018-02-23,21.5766644491317,NA
"14294",2018-02-24,21.5054769971456,NA
"14295",2018-02-25,20.998017458952,NA
"14296",2018-02-26,21.1117866972921,NA
"14297",2018-02-27,21.2123813875383,NA
"14298",2018-02-28,20.9934028712026,NA
"14299",2018-03-01,20.5515631763008,NA
"14300",2018-03-02,19.6904744459148,NA
"14301",2018-03-03,19.8407443642434,NA
"14302",2018-03-04,19.9113977744403,NA
"14303",2018-03-05,19.3937445664741,NA
"14304",2018-03-06,18.8567588751289,NA
"14305",2018-03-07,19.0093360761242,NA
"14306",2018-03-08,19.595119672607,NA
"14307",2018-03-09,20.0430338705626,NA
"14308",2018-03-10,20.4383089992296,NA
"14309",2018-03-11,20.7020370364801,NA
"14310",2018-03-12,20.7758202088395,NA
"14311",2018-03-13,20.5151930085918,NA
"14312",2018-03-14,20.1085934782167,NA
"14313",2018-03-15,19.468132739028,NA
"14314",2018-03-16,19.2724570937162,NA
"14315",2018-03-17,19.4729742207766,NA
"14316",2018-03-18,19.1282269976482,NA
"14317",2018-03-19,19.3498253023116,NA
"14318",2018-03-20,19.0709717963019,NA
"14319",2018-03-21,19.1756961752629,NA
"14320",2018-03-22,19.7078329575131,NA
"14321",2018-03-23,19.77801056697,NA
"14322",2018-03-24,18.8694544960454,NA
"14323",2018-03-25,18.7015473185322,NA
"14324",2018-03-26,17.84789293496,NA
"14325",2018-03-27,18.3360204008187,NA
"14326",2018-03-28,18.580579185517,NA
"14327",2018-03-29,18.2240186904125,NA
"14328",2018-03-30,17.5452998415476,NA
"14329",2018-03-31,17.2646592394112,NA
"14330",2018-04-01,17.8616739079172,NA
"14331",2018-04-02,18.4303526956901,NA
"14332",2018-04-03,18.1067114556257,NA
"14333",2018-04-04,17.804037275844,NA
"14334",2018-04-05,17.6471600570306,NA
"14335",2018-04-06,17.2985081061024,NA
"14336",2018-04-07,17.3266266253833,NA
"14337",2018-04-08,17.6734033874591,NA
"14338",2018-04-09,18.2721573641586,NA
"14339",2018-04-10,19.1985502657409,NA
"14340",2018-04-11,19.9776261917909,NA
"14341",2018-04-12,20.0291075587376,NA
"14342",2018-04-13,20.3533644973207,NA
"14343",2018-04-14,19.7839058610798,NA
"14344",2018-04-15,19.1232464618453,NA
"14345",2018-04-16,18.2862003085973,NA
"14346",2018-04-17,16.617396668736,NA
"14347",2018-04-18,15.2092879020787,NA
"14348",2018-04-19,15.0175721568344,NA
"14349",2018-04-20,14.7771025169962,NA
"14350",2018-04-21,15.6030349858735,NA
"14351",2018-04-22,15.7832679939179,NA
"14352",2018-04-23,16.6542296696248,NA
"14353",2018-04-24,17.655679719455,NA
"14354",2018-04-25,17.6146502277404,NA
"14355",2018-04-26,17.1739998734577,NA
"14356",2018-04-27,16.6795336405435,NA
"14357",2018-04-28,16.2648500631953,NA
"14358",2018-04-29,15.6025033228675,NA
"14359",2018-04-30,14.639183393069,NA
"14360",2018-05-01,14.3456876356568,NA
"14361",2018-05-02,14.6071008785782,NA
"14362",2018-05-03,15.0977862432953,NA
"14363",2018-05-04,14.9333228108863,NA
"14364",2018-05-05,14.7075136933693,NA
"14365",2018-05-06,14.7988682013544,NA
"14366",2018-05-07,14.8785627032242,NA
"14367",2018-05-08,14.2355562955515,NA
"14368",2018-05-09,13.5208273863079,NA
"14369",2018-05-10,12.1732390922313,NA
"14370",2018-05-11,12.1815524756242,NA
"14371",2018-05-12,12.1534171332996,NA
"14372",2018-05-13,11.8052988145785,NA
"14373",2018-05-14,11.1979409175125,NA
"14374",2018-05-15,10.8622155384888,NA
"14375",2018-05-16,10.3886887614942,NA
"14376",2018-05-17,11.1013881722714,NA
"14377",2018-05-18,11.0171133456612,NA
"14378",2018-05-19,10.6995229731387,NA
"14379",2018-05-20,11.102011180722,NA
"14380",2018-05-21,11.5506783713289,NA
"14381",2018-05-22,12.1218686253915,NA
"14382",2018-05-23,12.645964966404,NA
"14383",2018-05-24,12.5296233490663,NA
"14384",2018-05-25,12.3264727789748,NA
"14385",2018-05-26,12.6047977186599,NA
"14386",2018-05-27,12.7623538057202,NA
"14387",2018-05-28,12.9782479687987,NA
"14388",2018-05-29,12.383915823347,NA
"14389",2018-05-30,12.0024300322881,NA
"14390",2018-05-31,11.4981063056001,NA
"14391",2018-06-01,11.2926911325684,NA
"14392",2018-06-02,10.8277723984028,NA
"14393",2018-06-03,10.0313577254215,NA
"14394",2018-06-04,9.37653801910395,NA
"14395",2018-06-05,9.31466487466494,NA
"14396",2018-06-06,9.69400647676533,NA
"14397",2018-06-07,10.5775081143319,NA
"14398",2018-06-08,10.9891803574559,NA
"14399",2018-06-09,10.8697231189237,NA
"14400",2018-06-10,10.814056947299,NA
"14401",2018-06-11,10.9602046132017,NA
"14402",2018-06-12,11.0895759868089,NA
"14403",2018-06-13,10.4778662779777,NA
"14404",2018-06-14,9.84785583343522,NA
"14405",2018-06-15,9.34995911522676,NA
"14406",2018-06-16,9.16555878844768,NA
"14407",2018-06-17,9.17503669661171,NA
"14408",2018-06-18,8.39502938338297,NA
"14409",2018-06-19,7.93609188283337,NA
"14410",2018-06-20,7.61875332745349,NA
"14411",2018-06-21,7.17494024213764,NA
"14412",2018-06-22,7.0331611877262,NA
"14413",2018-06-23,7.17518643585885,NA
"14414",2018-06-24,6.90988243102494,NA
"14415",2018-06-25,7.15902874122025,NA
"14416",2018-06-26,7.25544800074781,NA
"14417",2018-06-27,7.41410449520347,NA
"14418",2018-06-28,7.78238413695005,NA
"14419",2018-06-29,8.05678616808605,NA
"14420",2018-06-30,7.80832238707137,NA
"14421",2018-07-01,7.76583600846555,NA
"14422",2018-07-02,7.59566543143811,NA
"14423",2018-07-03,7.88538114839148,NA
"14424",2018-07-04,8.62002940529143,NA
"14425",2018-07-05,9.34851199696461,NA
"14426",2018-07-06,9.52276762340408,NA
"14427",2018-07-07,9.91771241789651,NA
"14428",2018-07-08,10.3814124096709,NA
"14429",2018-07-09,10.6338630930298,NA
"14430",2018-07-10,10.2045823235472,NA
"14431",2018-07-11,9.12010276253508,NA
"14432",2018-07-12,8.06960602311718,NA
"14433",2018-07-13,7.47381698642994,NA
"14434",2018-07-14,7.05284905942355,NA
"14435",2018-07-15,6.7144306685722,NA
"14436",2018-07-16,6.56038451303919,NA
"14437",2018-07-17,6.6945483251415,NA
"14438",2018-07-18,7.21462727887989,NA
"14439",2018-07-19,7.44826286491128,NA
"14440",2018-07-20,7.60635363688022,NA
"14441",2018-07-21,7.78503135014817,NA
"14442",2018-07-22,7.78064571169639,NA
"14443",2018-07-23,7.92726536828626,NA
"14444",2018-07-24,8.17588931164423,NA
"14445",2018-07-25,8.12996022994802,NA
"14446",2018-07-26,8.16474686219317,NA
"14447",2018-07-27,8.86599730649221,NA
"14448",2018-07-28,9.61322259604655,NA
"14449",2018-07-29,9.60097455296815,NA
"14450",2018-07-30,9.59637007710853,NA
"14451",2018-07-31,9.66460526702492,NA
"14452",2018-08-01,9.47029239618795,NA
"14453",2018-08-02,9.77118074445599,NA
"14454",2018-08-03,9.41840289431148,NA
"14455",2018-08-04,9.07372768620823,NA
"14456",2018-08-05,9.69776510475721,NA
"14457",2018-08-06,9.44757373183955,NA
"14458",2018-08-07,9.4176916638252,NA
"14459",2018-08-08,9.41956985569264,NA
"14460",2018-08-09,9.17252165294186,NA
"14461",2018-08-10,9.77420852517865,NA
"14462",2018-08-11,9.10449802039953,NA
"14463",2018-08-12,8.86477614237389,NA
"14464",2018-08-13,9.35005289687578,NA
"14465",2018-08-14,9.74017824976785,NA
"14466",2018-08-15,10.0272448512192,NA
"14467",2018-08-16,9.86086914582208,NA
"14468",2018-08-17,9.37944665849454,NA
"14469",2018-08-18,9.52649755936828,NA
"14470",2018-08-19,8.8900309846613,NA
"14471",2018-08-20,8.6088023127031,NA
"14472",2018-08-21,8.0263020889376,NA
"14473",2018-08-22,7.70882722436486,NA
"14474",2018-08-23,7.8010861428251,NA
"14475",2018-08-24,7.68154053934374,NA
"14476",2018-08-25,8.09815216979203,NA
"14477",2018-08-26,8.65745698594759,NA
"14478",2018-08-27,8.26367133854249,NA
"14479",2018-08-28,7.75365375119454,NA
"14480",2018-08-29,7.72553006817194,NA
"14481",2018-08-30,7.8985329995678,NA
"14482",2018-08-31,8.13468364876253,NA
"14483",2018-09-01,7.84877347337345,NA
"14484",2018-09-02,7.5041177061802,NA
"14485",2018-09-03,7.86332013541368,NA
"14486",2018-09-04,8.90583889985346,NA
"14487",2018-09-05,10.0364204361043,NA
"14488",2018-09-06,10.2940568756632,NA
"14489",2018-09-07,9.92819757898514,NA
"14490",2018-09-08,10.5011546857592,NA
"14491",2018-09-09,11.3378851092354,NA
"14492",2018-09-10,12.0484060208389,NA
"14493",2018-09-11,12.7625845227434,NA
"14494",2018-09-12,12.0021104794162,NA
"14495",2018-09-13,12.0002322503651,NA
"14496",2018-09-14,13.223153894824,NA
"14497",2018-09-15,12.367729983205,NA
"14498",2018-09-16,11.511779397522,NA
"14499",2018-09-17,11.2963172422234,NA
"14500",2018-09-18,10.4854395494518,NA
"14501",2018-09-19,10.1459819843817,NA
"14502",2018-09-20,9.99887972329468,NA
"14503",2018-09-21,9.20059736748425,NA
"14504",2018-09-22,10.3323426920154,NA
"14505",2018-09-23,10.5230075168798,NA
"14506",2018-09-24,10.3855685869574,NA
"14507",2018-09-25,9.98287711976015,NA
"14508",2018-09-26,10.8520072802103,NA
"14509",2018-09-27,11.465636148239,NA
"14510",2018-09-28,10.99885662278,NA
"14511",2018-09-29,10.3030290661255,NA
"14512",2018-09-30,10.6032258526085,NA
"14513",2018-10-01,11.4902115477605,NA
"14514",2018-10-02,13.1309287126623,NA
"14515",2018-10-03,13.1047578655421,NA
"14516",2018-10-04,12.5861517133514,NA
"14517",2018-10-05,13.3113564657061,NA
"14518",2018-10-06,14.511778070292,NA
"14519",2018-10-07,15.5712805228782,NA
"14520",2018-10-08,16.1054997652278,NA
"14521",2018-10-09,15.1151380534999,NA
"14522",2018-10-10,14.8139019102565,NA
"14523",2018-10-11,15.1693982420432,NA
"14524",2018-10-12,15.4905093695193,NA
"14525",2018-10-13,15.6263981765017,NA
"14526",2018-10-14,16.0277599656552,NA
"14527",2018-10-15,16.3395896333379,NA
"14528",2018-10-16,16.8942250145096,NA
"14529",2018-10-17,17.6176973358454,NA
"14530",2018-10-18,17.6743410077965,NA
"14531",2018-10-19,18.2733687139892,NA
"14532",2018-10-20,17.3687086139439,NA
"14533",2018-10-21,16.4595213634837,NA
"14534",2018-10-22,16.0392198448022,NA
"14535",2018-10-23,15.4580972639994,NA
"14536",2018-10-24,14.6272898196888,NA
"14537",2018-10-25,14.609780593067,NA
"14538",2018-10-26,13.6624625875532,NA
"14539",2018-10-27,14.0456443436984,NA
"14540",2018-10-28,13.7351550676349,NA
"14541",2018-10-29,12.8881436658566,NA
"14542",2018-10-30,13.8147207984666,NA
"14543",2018-10-31,15.1710338729454,NA
"14544",2018-11-01,17.0499397766217,NA
"14545",2018-11-02,17.7481997742585,NA
"14546",2018-11-03,17.8446877347927,NA
"14547",2018-11-04,18.7541620601435,NA
"14548",2018-11-05,19.6381517319259,NA
"14549",2018-11-06,19.4002236400196,NA
"14550",2018-11-07,18.2911238669476,NA
"14551",2018-11-08,16.27755593795,NA
"14552",2018-11-09,15.4702726655623,NA
"14553",2018-11-10,15.7895508024624,NA
"14554",2018-11-11,15.5816410063496,NA
"14555",2018-11-12,15.8777607388258,NA
"14556",2018-11-13,16.7001861924884,NA
"14557",2018-11-14,17.4533476744074,NA
"14558",2018-11-15,17.4839604935473,NA
"14559",2018-11-16,17.6904768784754,NA
"14560",2018-11-17,17.5551739754287,NA
"14561",2018-11-18,17.9644816630401,NA
"14562",2018-11-19,18.1381979459235,NA
"14563",2018-11-20,17.599385163842,NA
"14564",2018-11-21,17.3122303151117,NA
"14565",2018-11-22,17.1411217730599,NA
"14566",2018-11-23,16.829708111524,NA
"14567",2018-11-24,16.7195440456017,NA
"14568",2018-11-25,15.9258812061677,NA
"14569",2018-11-26,14.6916501854236,NA
"14570",2018-11-27,14.5881805139229,NA
"14571",2018-11-28,15.0375402610022,NA
"14572",2018-11-29,15.8059670949788,NA
"14573",2018-11-30,16.3833669552843,NA
"14574",2018-12-01,17.6293242669216,NA
"14575",2018-12-02,17.5743080854525,NA
"14576",2018-12-03,17.735928625723,NA
"14577",2018-12-04,17.6995353649931,NA
"14578",2018-12-05,18.4023789889618,NA
"14579",2018-12-06,19.8757437897853,NA
"14580",2018-12-07,21.2254775537011,NA
"14581",2018-12-08,21.0827961918384,NA
"14582",2018-12-09,21.4718416690685,NA
"14583",2018-12-10,21.4574476345139,NA
"14584",2018-12-11,21.8753082241367,NA
"14585",2018-12-12,22.0636982944143,NA
"14586",2018-12-13,21.1376699577944,NA
"14587",2018-12-14,19.9290807392204,NA
"14588",2018-12-15,19.6152197884895,NA
"14589",2018-12-16,19.490460821181,NA
"14590",2018-12-17,19.7188755485511,NA
"14591",2018-12-18,19.4576227675941,NA
"14592",2018-12-19,19.1526533292992,NA
"14593",2018-12-20,19.2642421402919,NA
"14594",2018-12-21,19.0221965125703,NA
"14595",2018-12-22,18.5864796978747,NA
"14596",2018-12-23,18.9459947775147,NA
"14597",2018-12-24,19.5937846260598,NA
"14598",2018-12-25,19.8797336533553,NA
"14599",2018-12-26,20.2928592984342,NA
"14600",2018-12-27,21.4679558976252,NA
"14601",2018-12-28,22.3762733961466,NA
"14602",2018-12-29,22.8177292605775,NA
"14603",2018-12-30,22.7704664935788,NA
"14604",2018-12-31,22.6494324999664,NA
"14605",2019-01-01,22.6482683923282,NA
"14606",2019-01-02,22.3035664752153,NA
"14607",2019-01-03,22.0571350018318,NA
"14608",2019-01-04,21.8032929556643,NA
"14609",2019-01-05,21.1159660026857,NA
"14610",2019-01-06,20.9884447211881,NA
"14611",2019-01-07,20.886908861342,NA
"14612",2019-01-08,20.7419319695081,NA
"14613",2019-01-09,20.4261478957867,NA
"14614",2019-01-10,19.528525072111,NA
"14615",2019-01-11,19.6041139409306,NA
"14616",2019-01-12,20.1826187820127,NA
"14617",2019-01-13,20.7539582082971,NA
"14618",2019-01-14,21.4392919661376,NA
"14619",2019-01-15,22.055070266029,NA
"14620",2019-01-16,22.7624365453877,NA
"14621",2019-01-17,23.0959729001578,NA
"14622",2019-01-18,22.9757411610661,NA
"14623",2019-01-19,22.9292851300287,NA
"14624",2019-01-20,22.8331310629145,NA
"14625",2019-01-21,22.6845341009984,NA
"14626",2019-01-22,22.5530601418722,NA
"14627",2019-01-23,22.1551676188104,NA
"14628",2019-01-24,22.5151662253303,NA
"14629",2019-01-25,22.8145190048043,NA
"14630",2019-01-26,22.9845474021022,NA
"14631",2019-01-27,22.9470201684645,NA
"14632",2019-01-28,22.9326701097706,NA
"14633",2019-01-29,22.8789520512235,NA
"14634",2019-01-30,22.9403579154594,NA
"14635",2019-01-31,22.010534875691,NA
"14636",2019-02-01,21.2968329826126,NA
"14637",2019-02-02,21.6063827863979,NA
"14638",2019-02-03,21.9782899765139,NA
"14639",2019-02-04,21.5124851076461,NA
"14640",2019-02-05,21.330165546535,NA
"14641",2019-02-06,21.4071419511731,NA
"14642",2019-02-07,21.9990725801532,NA
"14643",2019-02-08,22.0247815226565,NA
"14644",2019-02-09,20.9268960858944,NA
"14645",2019-02-10,20.2882161358327,NA
"14646",2019-02-11,20.5773259970264,NA
"14647",2019-02-12,19.5726333577245,NA
"14648",2019-02-13,18.2919861933931,NA
"14649",2019-02-14,17.6941552962173,NA
"14650",2019-02-15,17.8941590696016,NA
"14651",2019-02-16,18.8936870260062,NA
"14652",2019-02-17,19.7050821164446,NA
"14653",2019-02-18,19.4625009955265,NA
"14654",2019-02-19,19.770180617857,NA
"14655",2019-02-20,20.222887018948,NA
"14656",2019-02-21,20.0249377753062,NA
"14657",2019-02-22,19.7366164820557,NA
"14658",2019-02-23,19.5751832426007,NA
"14659",2019-02-24,19.351522507856,NA
"14660",2019-02-25,19.9037537887061,NA
"14661",2019-02-26,20.3390615484177,NA
"14662",2019-02-27,21.1110625751148,NA
"14663",2019-02-28,21.9961502648737,NA
"14664",2019-03-01,22.6095228986,NA
"14665",2019-03-02,22.9217866940557,NA
"14666",2019-03-03,22.987748272751,NA
"14667",2019-03-04,23.0381300934335,NA
"14668",2019-03-05,23.0781946621,NA
"14669",2019-03-06,22.532413085583,NA
"14670",2019-03-07,21.7830116601688,NA
"14671",2019-03-08,21.061484783548,NA
"14672",2019-03-09,20.4183587425678,NA
"14673",2019-03-10,19.7038502918547,NA
"14674",2019-03-11,18.8817307888455,NA
"14675",2019-03-12,17.9268553332844,NA
"14676",2019-03-13,18.1822292660877,NA
"14677",2019-03-14,18.1558476776526,NA
"14678",2019-03-15,17.9013128683012,NA
"14679",2019-03-16,18.0438232391863,NA
"14680",2019-03-17,18.4047208523079,NA
"14681",2019-03-18,18.7505137114284,NA
"14682",2019-03-19,19.6053284974288,NA
"14683",2019-03-20,20.3873975836134,NA
"14684",2019-03-21,20.9416123701851,NA
"14685",2019-03-22,21.471262581771,NA
"14686",2019-03-23,21.4356500750017,NA
"14687",2019-03-24,21.3312048080668,NA
"14688",2019-03-25,20.5109906698493,NA
"14689",2019-03-26,19.7422092759138,NA
"14690",2019-03-27,19.1576155134461,NA
"14691",2019-03-28,18.8708858315975,NA
"14692",2019-03-29,17.8273501236729,NA
"14693",2019-03-30,16.3834361530186,NA
"14694",2019-03-31,15.3208859718511,NA
"14695",2019-04-01,15.3188376911855,NA
"14696",2019-04-02,15.8559536993117,NA
"14697",2019-04-03,15.9568683634689,NA
"14698",2019-04-04,15.7822884294209,NA
"14699",2019-04-05,16.8000420168382,NA
"14700",2019-04-06,17.2669643304635,NA
"14701",2019-04-07,17.7641907588816,NA
"14702",2019-04-08,18.1465542570275,NA
"14703",2019-04-09,17.3122913339989,NA
"14704",2019-04-10,16.5590743050046,NA
"14705",2019-04-11,15.5600236542767,NA
"14706",2019-04-12,14.3314034837152,NA
"14707",2019-04-13,14.5288108045425,NA
"14708",2019-04-14,14.7240000635063,NA
"14709",2019-04-15,15.5401104698153,NA
"14710",2019-04-16,17.2239223409958,NA
"14711",2019-04-17,18.4383296510414,NA
"14712",2019-04-18,18.5698159093695,NA
"14713",2019-04-19,19.0103749004608,NA
"14714",2019-04-20,19.6617219570108,NA
"14715",2019-04-21,19.689624096186,NA
"14716",2019-04-22,18.8723163556723,NA
"14717",2019-04-23,17.9988470487202,NA
"14718",2019-04-24,17.2072961822678,NA
"14719",2019-04-25,17.575734684628,NA
"14720",2019-04-26,16.3425244188941,NA
"14721",2019-04-27,14.9955745220475,NA
"14722",2019-04-28,14.0083581865708,NA
"14723",2019-04-29,13.7457116074689,NA
"14724",2019-04-30,14.0764826203339,NA
"14725",2019-05-01,14.4954269162729,NA
"14726",2019-05-02,14.3194156195116,NA
"14727",2019-05-03,15.0149898980106,NA
"14728",2019-05-04,14.9860989659488,NA
"14729",2019-05-05,14.9158561367431,NA
"14730",2019-05-06,14.5262069237396,NA
"14731",2019-05-07,13.6630066821719,NA
"14732",2019-05-08,12.6489045986526,NA
"14733",2019-05-09,12.2416198749723,NA
"14734",2019-05-10,11.61561534039,NA
"14735",2019-05-11,11.577117048737,NA
"14736",2019-05-12,11.6855561512414,NA
"14737",2019-05-13,11.9064542944111,NA
"14738",2019-05-14,11.9648941432297,NA
"14739",2019-05-15,11.7804411504917,NA
"14740",2019-05-16,11.610290041869,NA
"14741",2019-05-17,12.183649106982,NA
"14742",2019-05-18,12.4892708111272,NA
"14743",2019-05-19,12.7450417140924,NA
"14744",2019-05-20,12.9359016135893,NA
"14745",2019-05-21,12.6933379993845,NA
"14746",2019-05-22,13.0035873162941,NA
"14747",2019-05-23,13.5964758747937,NA
"14748",2019-05-24,13.721963239117,NA
"14749",2019-05-25,13.4264319989501,NA
"14750",2019-05-26,12.6926689515557,NA
"14751",2019-05-27,12.0458760962604,NA
"14752",2019-05-28,11.7727422209957,NA
"14753",2019-05-29,10.7574021274754,NA
"14754",2019-05-30,10.0358318241795,NA
"14755",2019-05-31,9.5394848519806,NA
"14756",2019-06-01,9.26056246719522,NA
"14757",2019-06-02,9.16274148437668,NA
"14758",2019-06-03,9.1365798551887,NA
"14759",2019-06-04,8.98823303773226,NA
"14760",2019-06-05,9.60906253077946,NA
"14761",2019-06-06,9.71037194065321,NA
"14762",2019-06-07,9.42060048357983,NA
"14763",2019-06-08,9.45465823523532,NA
"14764",2019-06-09,10.0968992397757,NA
"14765",2019-06-10,10.5289032894405,NA
"14766",2019-06-11,11.1858068138343,NA
"14767",2019-06-12,11.472738029089,NA
"14768",2019-06-13,11.5119529068241,NA
"14769",2019-06-14,11.6043288614018,NA
"14770",2019-06-15,11.4705454615856,NA
"14771",2019-06-16,10.7855706452894,NA
"14772",2019-06-17,10.6619217171798,NA
"14773",2019-06-18,9.62711346736942,NA
"14774",2019-06-19,8.86186450568537,NA
"14775",2019-06-20,8.09954689754317,NA
"14776",2019-06-21,7.66647344882893,NA
"14777",2019-06-22,7.13562769134145,NA
"14778",2019-06-23,6.69512646725825,NA
"14779",2019-06-24,6.28312174633816,NA
"14780",2019-06-25,6.77522626957372,NA
"14781",2019-06-26,7.17624722954442,NA
"14782",2019-06-27,7.86812154682882,NA
"14783",2019-06-28,8.85640017373757,NA
"14784",2019-06-29,9.30422574518735,NA
"14785",2019-06-30,9.83750306726803,NA
"14786",2019-07-01,9.94389830126501,NA
"14787",2019-07-02,9.88628997605685,NA
"14788",2019-07-03,9.85636486817748,NA
"14789",2019-07-04,9.46026489624988,NA
"14790",2019-07-05,9.03563823174116,NA
"14791",2019-07-06,9.4857271455432,NA
"14792",2019-07-07,9.91046022159046,NA
"14793",2019-07-08,10.2756231333669,NA
"14794",2019-07-09,10.2758947359079,NA
"14795",2019-07-10,10.3399129872243,NA
"14796",2019-07-11,10.6923542684192,NA
"14797",2019-07-12,10.2278470855962,NA
"14798",2019-07-13,9.3479493141898,NA
"14799",2019-07-14,8.95212322646164,NA
"14800",2019-07-15,9.10732955717816,NA
"14801",2019-07-16,9.31366409956745,NA
"14802",2019-07-17,9.28183448244883,NA
"14803",2019-07-18,9.15978880176588,NA
"14804",2019-07-19,9.33534083296495,NA
"14805",2019-07-20,10.0727355460687,NA
"14806",2019-07-21,9.94192522848027,NA
"14807",2019-07-22,9.89631757196272,NA
"14808",2019-07-23,9.53456713797204,NA
"14809",2019-07-24,9.62804427136802,NA
"14810",2019-07-25,9.72271348004812,NA
"14811",2019-07-26,9.96562400352773,NA
"14812",2019-07-27,9.53678893664447,NA
"14813",2019-07-28,9.64992979292924,NA
"14814",2019-07-29,9.42102710400013,NA
"14815",2019-07-30,9.16487483661399,NA
"14816",2019-07-31,8.89097978498006,NA
"14817",2019-08-01,8.75483433844422,NA
"14818",2019-08-02,8.57958093694709,NA
"14819",2019-08-03,8.83506284533096,NA
"14820",2019-08-04,8.83394064732819,NA
"14821",2019-08-05,8.69669795581863,NA
"14822",2019-08-06,9.13058562892397,NA
"14823",2019-08-07,9.22762552072814,NA
"14824",2019-08-08,8.98312565593967,NA
"14825",2019-08-09,8.29286083768165,NA
"14826",2019-08-10,7.7214908285198,NA
"14827",2019-08-11,7.59223881659548,NA
"14828",2019-08-12,7.51649493693231,NA
"14829",2019-08-13,7.59588921265265,NA
"14830",2019-08-14,7.31212773237965,NA
"14831",2019-08-15,7.83523824939332,NA
"14832",2019-08-16,8.36733837216611,NA
"14833",2019-08-17,9.02880484252299,NA
"14834",2019-08-18,8.93797822884948,NA
"14835",2019-08-19,8.89838058960302,NA
"14836",2019-08-20,9.19506194510041,NA
"14837",2019-08-21,10.016877152691,NA
"14838",2019-08-22,9.2880704852781,NA
"14839",2019-08-23,9.30239637039461,NA
"14840",2019-08-24,9.2569076832059,NA
"14841",2019-08-25,9.17528107532936,NA
"14842",2019-08-26,9.16767275156822,NA
"14843",2019-08-27,8.75600506633793,NA
"14844",2019-08-28,7.92707954101594,NA
"14845",2019-08-29,7.91602974393982,NA
"14846",2019-08-30,8.00958880232245,NA
"14847",2019-08-31,8.22305247649938,NA
"14848",2019-09-01,8.71228949451626,NA
"14849",2019-09-02,9.3941967750824,NA
"14850",2019-09-03,9.85293129462014,NA
"14851",2019-09-04,10.7362766544476,NA
"14852",2019-09-05,11.8324800473517,NA
"14853",2019-09-06,11.8078208468814,NA
"14854",2019-09-07,11.3244905971895,NA
"14855",2019-09-08,10.9486699214843,NA
"14856",2019-09-09,10.3507624979601,NA
"14857",2019-09-10,9.69387244350555,NA
"14858",2019-09-11,9.72163226802094,NA
"14859",2019-09-12,9.39356648732791,NA
"14860",2019-09-13,9.90237059585684,NA
"14861",2019-09-14,10.8408084859234,NA
"14862",2019-09-15,11.8440244300445,NA
"14863",2019-09-16,11.6097628454155,NA
"14864",2019-09-17,11.5480761213801,NA
"14865",2019-09-18,11.439851855615,NA
"14866",2019-09-19,12.5195971241664,NA
"14867",2019-09-20,13.8036476162076,NA
"14868",2019-09-21,13.1728203920239,NA
"14869",2019-09-22,12.4535872399832,NA
"14870",2019-09-23,12.790803005435,NA
"14871",2019-09-24,13.1300749655876,NA
"14872",2019-09-25,12.8346816925295,NA
"14873",2019-09-26,11.9118194692475,NA
"14874",2019-09-27,10.2740893042566,NA
"14875",2019-09-28,10.2507520025092,NA
"14876",2019-09-29,10.371516836274,NA
"14877",2019-09-30,10.2625866684657,NA
"14878",2019-10-01,10.9546387231966,NA
"14879",2019-10-02,12.3338908881008,NA
"14880",2019-10-03,13.049146138882,NA
"14881",2019-10-04,13.1855340584918,NA
"14882",2019-10-05,14.560069006557,NA
"14883",2019-10-06,15.4131251031944,NA
"14884",2019-10-07,16.0161047883976,NA
"14885",2019-10-08,15.2633783396942,NA
"14886",2019-10-09,13.9761113032954,NA
"14887",2019-10-10,12.970999387854,NA
"14888",2019-10-11,13.1925556588928,NA
"14889",2019-10-12,12.3256846185732,NA
"14890",2019-10-13,12.4235987766312,NA
"14891",2019-10-14,12.9914104724392,NA
"14892",2019-10-15,13.904268074608,NA
"14893",2019-10-16,14.101367965703,NA
"14894",2019-10-17,13.9081483510544,NA
"14895",2019-10-18,14.0524853832106,NA
"14896",2019-10-19,13.4831709875785,NA
"14897",2019-10-20,12.811557174594,NA
"14898",2019-10-21,12.5662375451875,NA
"14899",2019-10-22,12.8247500538648,NA
"14900",2019-10-23,14.3195741657005,NA
"14901",2019-10-24,16.8099107631538,NA
"14902",2019-10-25,16.9703382872926,NA
"14903",2019-10-26,17.0078145252516,NA
"14904",2019-10-27,16.8648901292637,NA
"14905",2019-10-28,16.9949421676482,NA
"14906",2019-10-29,17.6020957223478,NA
"14907",2019-10-30,17.8861464249978,NA
"14908",2019-10-31,17.755711248809,NA
"14909",2019-11-01,19.1283001776746,NA
"14910",2019-11-02,19.7349197597333,NA
"14911",2019-11-03,19.9641318511005,NA
"14912",2019-11-04,19.3148137940362,NA
"14913",2019-11-05,18.5189108772033,NA
"14914",2019-11-06,17.5047547955656,NA
"14915",2019-11-07,15.7251836729714,NA
"14916",2019-11-08,13.14746132238,NA
"14917",2019-11-09,12.5965581234049,NA
"14918",2019-11-10,12.6678686504415,NA
"14919",2019-11-11,14.5840047009868,NA
"14920",2019-11-12,14.1136807929834,NA
"14921",2019-11-13,13.8834698530066,NA
"14922",2019-11-14,14.3264110300106,NA
"14923",2019-11-15,14.9164982740091,NA
"14924",2019-11-16,15.081107742635,NA
"14925",2019-11-17,14.8522399688235,NA
"14926",2019-11-18,14.3805775189205,NA
"14927",2019-11-19,15.1654118667987,18.3
"14928",2019-11-20,17.2442777985778,19.5
"14929",2019-11-21,17.8856846808742,20.3
"14930",2019-11-22,18.1997911247265,19.4
"14931",2019-11-23,18.593209403554,18.7
"14932",2019-11-24,19.2908565428886,19.4
"14933",2019-11-25,19.496040112358,18.2
"14934",2019-11-26,18.8503710573261,17
"14935",2019-11-27,17.3271420276659,17.2
"14936",2019-11-28,17.1105084577175,19.3
"14937",2019-11-29,17.3002509756164,19.7
"14938",2019-11-30,16.8416358230513,18.3
"14939",2019-12-01,15.7443560616966,16.6
"14940",2019-12-02,14.4895174214001,16.7
"14941",2019-12-03,15.2560141290457,16.9
"14942",2019-12-04,15.2596800161023,17.8
"14943",2019-12-05,15.1096073692103,18.6
"14944",2019-12-06,14.8616124489675,18.7
"14945",2019-12-07,15.4319041590868,18.8
"14946",2019-12-08,17.1728779525033,20.1
"14947",2019-12-09,18.7274169044326,21.2
"14948",2019-12-10,18.5642614370027,20.3
"14949",2019-12-11,18.4677193521028,19.3
"14950",2019-12-12,18.0800097053579,19.4
"14951",2019-12-13,18.4571078279028,19.8
"14952",2019-12-14,18.5284109661623,20.8
"14953",2019-12-15,17.9694219626521,20.6
"14954",2019-12-16,17.3419302708311,21.4
"14955",2019-12-17,18.7049507207747,21.9
"14956",2019-12-18,20.21018664257,24
"14957",2019-12-19,21.0052555404103,25.4
"14958",2019-12-20,22.1079746216956,24.7
"14959",2019-12-21,21.983647007474,24
"14960",2019-12-22,21.8141646385914,21.6
"14961",2019-12-23,21.7605796864272,22.5
"14962",2019-12-24,21.394679376918,23.3
"14963",2019-12-25,20.8275451413955,24.8
"14964",2019-12-26,20.4105551017269,25
"14965",2019-12-27,19.8370066183788,24.6
"14966",2019-12-28,20.8905695549856,23.6
"14967",2019-12-29,21.9766633985491,25.2
"14968",2019-12-30,22.4693151562577,25.3
"14969",2019-12-31,22.2359766308129,23.8
"14970",2020-01-01,22.0592010988541,23.8
"14971",2020-01-02,22.1812750973844,24.7
"14972",2020-01-03,22.2690105662238,25.8
"14973",2020-01-04,21.7113571329619,24
"14974",2020-01-05,20.095798936932,16.9
"14975",2020-01-06,18.9443514477459,15.9
"14976",2020-01-07,19.1914141688985,18.5
"14977",2020-01-08,19.3003170176782,22.1
"14978",2020-01-09,20.0921586127507,25.2
"14979",2020-01-10,18.9577088768818,22.5
"14980",2020-01-11,18.7010857523439,19.7
"14981",2020-01-12,19.3237300967411,21.1
"14982",2020-01-13,20.1625736817,23.2
"14983",2020-01-14,21.0468490858399,24.8
"14984",2020-01-15,21.2052949462343,24.7
"14985",2020-01-16,19.9682628840559,20.3
"14986",2020-01-17,20.0725081794585,20.1
"14987",2020-01-18,20.7919160754637,22.8
"14988",2020-01-19,21.2932536277418,24.3
"14989",2020-01-20,20.5907595512373,22.1
"14990",2020-01-21,19.9152261367608,23
"14991",2020-01-22,19.8373337440267,22
"14992",2020-01-23,19.9007350078755,19.8
"14993",2020-01-24,19.7832683286466,20.4
"14994",2020-01-25,19.6661745715469,23
"14995",2020-01-26,19.4062824505889,21.9
"14996",2020-01-27,19.7543112741293,21.9
"14997",2020-01-28,19.7176921427299,21.8
"14998",2020-01-29,20.1393473225413,22.9
"14999",2020-01-30,21.5916839796854,22.8
"15000",2020-01-31,22.5900700803934,23.5
"15001",2020-02-01,22.4535032474383,23.9
"15002",2020-02-02,22.336975969549,22.1
"15003",2020-02-03,21.9419670941013,19.8
"15004",2020-02-04,21.5009408135858,20.3
"15005",2020-02-05,20.7639515946718,20.1
"15006",2020-02-06,19.828171439434,21.1
"15007",2020-02-07,18.4321784607889,21.8
"15008",2020-02-08,18.9429168557955,22.2
"15009",2020-02-09,19.3795978402074,22
"15010",2020-02-10,20.2439571817136,21.5
"15011",2020-02-11,20.8847980808379,22.1
"15012",2020-02-12,21.3171456774516,21.7
"15013",2020-02-13,21.6307520335885,22.6
"15014",2020-02-14,21.7730804584697,22.7
"15015",2020-02-15,21.3340494458446,21.7
"15016",2020-02-16,21.2062655363553,21.3
"15017",2020-02-17,21.3812312025441,21.7
"15018",2020-02-18,21.0589667496799,21.3
"15019",2020-02-19,20.3924328651014,20
"15020",2020-02-20,19.2274430344411,18.9
"15021",2020-02-21,18.1696044003395,18.2
"15022",2020-02-22,18.1947196193463,18.3
"15023",2020-02-23,18.6177452950076,19.2
"15024",2020-02-24,18.6749325758982,20.5
"15025",2020-02-25,19.1616441075874,21
"15026",2020-02-26,18.9226935757728,20.1
"15027",2020-02-27,19.0769872305133,18.4
"15028",2020-02-28,19.2825931920085,18.4
"15029",2020-02-29,19.3698104250718,19.2
"15030",2020-03-01,19.3083296009905,19.4
"15031",2020-03-02,18.1011082112161,19.3
"15032",2020-03-03,17.33404323484,18.4
"15033",2020-03-04,18.1346390992874,17.9
"15034",2020-03-05,18.3442826106619,16.9
"15035",2020-03-06,18.2311989800376,16.8
"15036",2020-03-07,17.8437037673234,16.5
"15037",2020-03-08,16.8330920864493,16.5
"15038",2020-03-09,17.0405102397327,16.6
"15039",2020-03-10,17.5231114342813,16.9
"15040",2020-03-11,17.8712780316102,17.2
"15041",2020-03-12,18.3814417925536,17.4
"15042",2020-03-13,18.445494937212,17
"15043",2020-03-14,18.0669620016608,15.8
"15044",2020-03-15,17.8616806309749,15.4
"15045",2020-03-16,18.3009619165215,16.1
"15046",2020-03-17,18.5276431875763,16.6
"15047",2020-03-18,18.8162286496176,16.9
"15048",2020-03-19,18.9889664004372,17.5
"15049",2020-03-20,19.0351205150663,17.4
"15050",2020-03-21,19.2985111007489,17.1
"15051",2020-03-22,19.2664512034791,16.5
"15052",2020-03-23,18.5492536714941,15.6
"15053",2020-03-24,17.5983077522041,15.2
"15054",2020-03-25,16.151634331735,14.9
"15055",2020-03-26,15.0060067326215,15.3
"15056",2020-03-27,15.5151889805601,15.7
"15057",2020-03-28,16.4004059532539,16.9
"15058",2020-03-29,16.935526040796,16.9
"15059",2020-03-30,17.2516982322349,16.6
"15060",2020-03-31,17.5039300182513,15.7
"15061",2020-04-01,18.1524897325776,15.8
"15062",2020-04-02,18.0841637831381,15.8
"15063",2020-04-03,17.6165973099656,14.9
"15064",2020-04-04,16.0841959362151,14.1
"15065",2020-04-05,15.2919543827038,13.4
"15066",2020-04-06,14.8393638571175,13
"15067",2020-04-07,14.3501316243703,13
"15068",2020-04-08,13.5517129113615,13
"15069",2020-04-09,13.8501080366751,13.1
"15070",2020-04-10,13.8842594948821,13.6
"15071",2020-04-11,14.154412005859,13.7
"15072",2020-04-12,14.0415720785295,13.4
"15073",2020-04-13,14.3421480752525,13.4
"15074",2020-04-14,14.9519957919545,13.4
"15075",2020-04-15,15.8434284993588,13.6
"15076",2020-04-16,15.4007426857222,14
"15077",2020-04-17,14.9508862086489,13.8
"15078",2020-04-18,14.9803971974341,13.6
"15079",2020-04-19,15.2974459426163,13.3
"15080",2020-04-20,15.0849043869192,12.9
"15081",2020-04-21,14.6873370590868,12.7
"15082",2020-04-22,13.6222709751313,12.6
"15083",2020-04-23,13.9614551865097,12.4
"15084",2020-04-24,14.0696693622239,12.7
"15085",2020-04-25,14.7668809523747,12.7
"15086",2020-04-26,14.3137044946366,12.9
"15087",2020-04-27,13.963889966781,12.5
"15088",2020-04-28,14.16389270096,11.9
"15089",2020-04-29,13.8350506643504,11.9
"15090",2020-04-30,12.7216214684936,11.5
"15091",2020-05-01,11.9115935142763,10.6
"15092",2020-05-02,10.8412439633054,10.4
"15093",2020-05-03,10.8044141118754,10.1
"15094",2020-05-04,10.8287080345262,10
"15095",2020-05-05,10.4109520709768,10
"15096",2020-05-06,11.0377353209908,10.3
"15097",2020-05-07,11.9650531550169,11
"15098",2020-05-08,12.7009481859377,11.2
"15099",2020-05-09,12.3273481574079,11.1
"15100",2020-05-10,12.0481359190798,10.4
"15101",2020-05-11,12.0631746321011,9.9
"15102",2020-05-12,11.75556980433,9.6
"15103",2020-05-13,10.757578674939,9.8
"15104",2020-05-14,9.5931974105681,9.6
"15105",2020-05-15,8.8726307257841,9.1
"15106",2020-05-16,9.2277083401416,8.6
"15107",2020-05-17,9.43605906162886,8.1
"15108",2020-05-18,9.71973376099916,7.9
"15109",2020-05-19,10.1367363956229,8.4
"15110",2020-05-20,10.4362064369525,9
"15111",2020-05-21,10.6682680598792,9.1
"15112",2020-05-22,10.7633215600806,8.8
"15113",2020-05-23,10.9431075313894,8.8
"15114",2020-05-24,10.7810575998551,9.2
"15115",2020-05-25,10.3004476663251,9
"15116",2020-05-26,9.98703597733269,8.5
"15117",2020-05-27,10.118810333584,8.6
"15118",2020-05-28,10.1879602176037,8.9
"15119",2020-05-29,10.3237857523812,9
"15120",2020-05-30,10.6050295767866,9.1
"15121",2020-05-31,10.9240074964974,9.4
"15122",2020-06-01,10.6276594849369,9.4
"15123",2020-06-02,10.5751666625475,9
"15124",2020-06-03,10.2557504441276,9.1
"15125",2020-06-04,9.7365133279846,8.6
"15126",2020-06-05,9.25815591691079,8
"15127",2020-06-06,8.73059033786131,7.6
"15128",2020-06-07,8.0665155248708,7.7
"15129",2020-06-08,7.74946366215575,7.8
"15130",2020-06-09,7.2500901670366,7
"15131",2020-06-10,7.08895016074417,6.7
"15132",2020-06-11,7.44917740191415,6.9
"15133",2020-06-12,7.81440528059111,6.5
"15134",2020-06-13,8.1572176120002,7
"15135",2020-06-14,8.97816627191628,8
"15136",2020-06-15,10.1376370058136,8.7
"15137",2020-06-16,10.6551876557178,9.4
"15138",2020-06-17,10.587107148277,9.4
"15139",2020-06-18,10.9495035868177,8.9
"15140",2020-06-19,11.4019009265004,8.9
"15141",2020-06-20,11.0404908987488,9.4
"15142",2020-06-21,10.4282316401491,9
"15143",2020-06-22,9.93789996674942,9
"15144",2020-06-23,9.97134668325405,9.2
"15145",2020-06-24,10.5936611193294,9.4
"15146",2020-06-25,10.1833119747807,9.6
"15147",2020-06-26,9.38952956879794,8.8
"15148",2020-06-27,8.82195904787567,8.7
"15149",2020-06-28,8.38070024814417,7.9
"15150",2020-06-29,8.1062910982054,6.9
"15151",2020-06-30,7.93019367244178,6.9
"15152",2020-07-01,7.90163435397108,7.5
"15153",2020-07-02,7.88435190926415,7.8
"15154",2020-07-03,7.65544794501089,7.6
"15155",2020-07-04,8.28449464914879,7.5
"15156",2020-07-05,8.92170742769921,8
"15157",2020-07-06,9.26955688757039,8.1
"15158",2020-07-07,8.94370615428633,8.3
"15159",2020-07-08,8.40494353141734,8.5
"15160",2020-07-09,8.58899747074251,8.1
"15161",2020-07-10,9.20689459948551,8.2
"15162",2020-07-11,9.17874800443848,8.3
"15163",2020-07-12,9.27277393509575,8.5
"15164",2020-07-13,9.26455186720256,8.9
"15165",2020-07-14,9.36014462745413,9
"15166",2020-07-15,9.28330411366833,8.9
"15167",2020-07-16,8.88171631134627,8.5
"15168",2020-07-17,8.39066409412928,8.4
"15169",2020-07-18,8.19502447448111,7.7
"15170",2020-07-19,7.92065224991952,7.6
"15171",2020-07-20,7.69649639862001,7.7
"15172",2020-07-21,7.7434481301445,7.9
"15173",2020-07-22,7.91319428891198,8.2
"15174",2020-07-23,7.84626555479382,8.2
"15175",2020-07-24,7.87453931876129,7.9
"15176",2020-07-25,7.9375378559499,7.5
"15177",2020-07-26,8.30602323786947,7.7
"15178",2020-07-27,8.63966069909528,8.1
"15179",2020-07-28,8.7860316635868,8.6
"15180",2020-07-29,9.09185027199031,8.8
"15181",2020-07-30,9.10610609380294,8.6
"15182",2020-07-31,9.38702777786692,7.9
"15183",2020-08-01,9.4680346088639,7.7
"15184",2020-08-02,9.3511292969814,8.1
"15185",2020-08-03,9.06644428639202,8.4
"15186",2020-08-04,8.39706472209977,8.2
"15187",2020-08-05,7.71363995944243,7.6
"15188",2020-08-06,7.72630257613512,7.3
"15189",2020-08-07,7.63100657462969,6.9
"15190",2020-08-08,7.81454250181828,7
"15191",2020-08-09,7.68020480269711,8
"15192",2020-08-10,7.66446293107475,8.4
"15193",2020-08-11,8.37602396234676,7.9
"15194",2020-08-12,9.21068551621702,8.3
"15195",2020-08-13,10.106986884453,8.9
"15196",2020-08-14,10.6419602941572,9.3
"15197",2020-08-15,10.8304244089406,10
"15198",2020-08-16,10.9946063340117,10.4
"15199",2020-08-17,11.2688531336938,10.3
"15200",2020-08-18,11.2422320121334,10.1
"15201",2020-08-19,10.8474201142732,9.7
"15202",2020-08-20,10.3966715084442,9.6
"15203",2020-08-21,9.55385146690816,9.2
"15204",2020-08-22,8.87817210597487,8.8
"15205",2020-08-23,8.35385679790233,8.5
"15206",2020-08-24,7.70776109061212,7.9
"15207",2020-08-25,7.42561163581435,7.7
"15208",2020-08-26,7.45541036694086,8
"15209",2020-08-27,7.5506209188228,8.4
"15210",2020-08-28,8.14736100689541,8.8
"15211",2020-08-29,8.92162755295992,9.1
"15212",2020-08-30,9.6059037004016,9.6
"15213",2020-08-31,9.77161969695193,9.6
"15214",2020-09-01,10.1006077404511,9.6
"15215",2020-09-02,10.9831396844973,9.7
"15216",2020-09-03,11.1341861268576,10.5
"15217",2020-09-04,11.1799311587471,10.1
"15218",2020-09-05,10.7845966725324,10.1
"15219",2020-09-06,10.9432357101432,10.2
"15220",2020-09-07,12.4754842270196,10.7
"15221",2020-09-08,12.8853364401477,11.6
"15222",2020-09-09,12.1195860922482,11.5
"15223",2020-09-10,12.4730567238252,11.5
"15224",2020-09-11,13.0334535752188,11.6
"15225",2020-09-12,13.6398589416298,11.8
"15226",2020-09-13,13.6518066735974,12.2
"15227",2020-09-14,12.6677674379148,12.3
"15228",2020-09-15,12.5675867922918,12.2
"15229",2020-09-16,13.4508631302495,12.1
"15230",2020-09-17,13.2120543418957,12.2
"15231",2020-09-18,13.4979937216989,12.1
"15232",2020-09-19,14.251633346851,12.8
"15233",2020-09-20,14.9151745940242,13.9
"15234",2020-09-21,15.2200850730691,13.9
"15235",2020-09-22,15.0987719473453,13.3
"15236",2020-09-23,14.1812434889506,12.6
"15237",2020-09-24,13.7167274053495,12.2
"15238",2020-09-25,12.1910786178385,11.4
"15239",2020-09-26,10.7258549450829,10.3
"15240",2020-09-27,9.30090581046779,10.8
"15241",2020-09-28,8.67854087265879,10.8
"15242",2020-09-29,9.1772327783765,10.8
"15243",2020-09-30,9.56372331695742,11.7
"15244",2020-10-01,10.1860685712267,12
"15245",2020-10-02,12.3177923912614,12.6
"15246",2020-10-03,14.0978053399958,14.1
"15247",2020-10-04,15.546754534152,15
"15248",2020-10-05,15.6233280513689,14.3
"15249",2020-10-06,14.9439478735021,12.6
"15250",2020-10-07,15.3708474381769,12
"15251",2020-10-08,15.2359597740044,13
"15252",2020-10-09,13.9738202982752,12.6
"15253",2020-10-10,12.8897360558086,13.1
"15254",2020-10-11,11.8777375558232,13.8
"15255",2020-10-12,13.0717297395499,13.6
"15256",2020-10-13,13.5767499472664,13.9
"15257",2020-10-14,14.2432971652067,14.6
"15258",2020-10-15,14.7010250682952,15.1
"15259",2020-10-16,15.2844873574539,14.6
"15260",2020-10-17,15.2531179007226,15
"15261",2020-10-18,15.1785188859036,14.4
"15262",2020-10-19,14.2875206633211,14
"15263",2020-10-20,14.3237718003392,13.9
"15264",2020-10-21,13.5281621785351,14.5
"15265",2020-10-22,13.868503691614,14.9
"15266",2020-10-23,14.1813057189859,15.3
"15267",2020-10-24,13.5672674003047,14.8
"15268",2020-10-25,13.5392651669287,13.2
"15269",2020-10-26,13.8128483581447,13.2
"15270",2020-10-27,13.9387802717005,13.2
"15271",2020-10-28,14.2320135690226,14.1
"15272",2020-10-29,14.0042185877547,14.6
"15273",2020-10-30,13.7786713443885,14.8
"15274",2020-10-31,14.2669304888478,14.7
"15275",2020-11-01,14.9199177652047,14.5
"15276",2020-11-02,16.0584280877083,15.4
"15277",2020-11-03,17.3251773488212,16.4
"15278",2020-11-04,17.0809174795972,16.3
"15279",2020-11-05,16.4402820156417,15.2
"15280",2020-11-06,16.0211756717807,14.6
"15281",2020-11-07,15.7936075340651,14.7
"15282",2020-11-08,16.1202277720161,15.1
"15283",2020-11-09,16.109174521954,16.1
"15284",2020-11-10,16.2685132982668,17.1
"15285",2020-11-11,17.1493134078747,16.8
"15286",2020-11-12,17.9719116162537,17.2
"15287",2020-11-13,18.2935579150222,17.3
"15288",2020-11-14,18.9599772974935,17.5
"15289",2020-11-15,19.9856361335878,17.5
"15290",2020-11-16,19.5169152489467,18.1
"15291",2020-11-17,18.5193654745299,17.7
"15292",2020-11-18,18.7383038742661,18.4
"15293",2020-11-19,19.5940538032104,18.7
"15294",2020-11-20,19.8889724116346,18.6
"15295",2020-11-21,20.7029260021915,18.7
"15296",2020-11-22,20.2178960470603,18.3
"15297",2020-11-23,20.1399349834159,18.1
"15298",2020-11-24,20.2532624569142,17.2
"15299",2020-11-25,20.2701730037755,18.4
"15300",2020-11-26,19.3818850997677,18.2
"15301",2020-11-27,20.2410066257448,18.5
"15302",2020-11-28,19.7746530851876,18.3
"15303",2020-11-29,19.117833090049,17.4
"15304",2020-11-30,19.9561583345213,18.5
"15305",2020-12-01,19.830479074114,18.3
"15306",2020-12-02,18.9130718350577,18
"15307",2020-12-03,19.0559222781249,18.4
"15308",2020-12-04,18.1461798672133,19
"15309",2020-12-05,17.6389157709213,18.3
"15310",2020-12-06,17.5539732342299,17.7
"15311",2020-12-07,15.9783547204369,17.1
"15312",2020-12-08,15.6926639710266,16.6
"15313",2020-12-09,16.3054700708373,17.9
"15314",2020-12-10,15.7373174162181,18.3
"15315",2020-12-11,15.5564865090016,18.3
"15316",2020-12-12,16.3055258979333,19.7
"15317",2020-12-13,17.4549901546113,20.8
"15318",2020-12-14,19.2271753904663,21.8
"15319",2020-12-15,20.07265361684,22.5
"15320",2020-12-16,20.3090861160724,21.9
"15321",2020-12-17,20.9907161361025,22.2
"15322",2020-12-18,20.7225927484844,21.5
"15323",2020-12-19,19.9902192021794,19.9
"15324",2020-12-20,19.2683288729372,19.8
"15325",2020-12-21,18.2412482961883,18.3
"15326",2020-12-22,17.2876752149546,18.4
"15327",2020-12-23,16.7395619772343,17.8
"15328",2020-12-24,15.9322029742619,18.2
"15329",2020-12-25,15.9834151147425,18.7
"15330",2020-12-26,17.1144274796915,19.5
"15331",2020-12-27,17.3713493719552,19.7
"15332",2020-12-28,16.8193747704278,18.7
"15333",2020-12-29,17.1982553800684,19.1
"15334",2020-12-30,17.4558014820161,19.9
"15335",2020-12-31,18.0353761735194,19.1
"15336",2021-01-01,18.9691666487436,20.1
"15337",2021-01-02,18.8328674548282,20.7
"15338",2021-01-03,18.9887252850033,20.7
"15339",2021-01-04,19.3605053729897,19.6
"15340",2021-01-05,19.2834966890547,18.3
"15341",2021-01-06,19.0587345451843,16.8
"15342",2021-01-07,19.1131716122857,17.9
"15343",2021-01-08,18.9894701849136,19.7
"15344",2021-01-09,19.2521968768012,21.6
"15345",2021-01-10,20.1596095781372,22.6
"15346",2021-01-11,21.2292247576833,23.4
"15347",2021-01-12,21.3213017066049,22.9
"15348",2021-01-13,21.8497907730013,21.5
"15349",2021-01-14,21.6655432417927,21.3
"15350",2021-01-15,21.0799385151122,19.8
"15351",2021-01-16,20.2791580385213,18.6
"15352",2021-01-17,19.0785918986612,19
"15353",2021-01-18,17.839784548355,19.8
"15354",2021-01-19,17.4659909499771,19.6
"15355",2021-01-20,16.9961650392984,19
"15356",2021-01-21,17.9145205796063,19.6
"15357",2021-01-22,18.9472005300647,20.7
"15358",2021-01-23,20.0743680188761,21.9
"15359",2021-01-24,21.4301348226314,22
"15360",2021-01-25,22.0983320395708,23.1
"15361",2021-01-26,22.1781009281528,22
"15362",2021-01-27,22.1823835009488,19.5
"15363",2021-01-28,22.0091844992279,19.7
"15364",2021-01-29,21.7485387188562,18.7
"15365",2021-01-30,21.1885541656977,17.9
"15366",2021-01-31,19.8439137254705,18.3
"15367",2021-02-01,18.7120982530799,18.1
"15368",2021-02-02,18.6760073255873,17.8
"15369",2021-02-03,18.5823178301755,18.9
"15370",2021-02-04,18.9502100767918,19.3
"15371",2021-02-05,19.0651026252408,20.2
"15372",2021-02-06,19.0845592587303,18.6
"15373",2021-02-07,18.8193082775267,18.2
"15374",2021-02-08,18.6100303159311,17.8
"15375",2021-02-09,19.1897567325826,18.6
"15376",2021-02-10,19.7773520868789,20.6
"15377",2021-02-11,19.8545750626933,21.2
"15378",2021-02-12,19.7443033257995,20.9
"15379",2021-02-13,19.5236901283309,19.4
"15380",2021-02-14,19.6897823206148,19.1
"15381",2021-02-15,20.3080846774387,19.8
"15382",2021-02-16,20.6145775989234,20.6
"15383",2021-02-17,20.5755278751889,21.4
"15384",2021-02-18,20.3861440377108,21.7
"15385",2021-02-19,21.0561579581995,22
"15386",2021-02-20,21.6708825196008,22.1
"15387",2021-02-21,21.8719572295496,21.2
"15388",2021-02-22,21.4207471156974,19.7
"15389",2021-02-23,20.5201199117319,17.8
"15390",2021-02-24,19.583482966905,17.6
"15391",2021-02-25,18.8716722878104,17.1
"15392",2021-02-26,17.405768329847,17.3
"15393",2021-02-27,16.2363385472375,16.7
"15394",2021-02-28,16.4355803170482,17.4
"15395",2021-03-01,16.4556185018031,18.3
"15396",2021-03-02,16.5026135440293,16.2
"15397",2021-03-03,16.4123859272215,16
"15398",2021-03-04,16.4063712537096,16.6
"15399",2021-03-05,16.4043518451997,16.9
"15400",2021-03-06,16.4477548647818,16.4
"15401",2021-03-07,16.4641832396842,17
"15402",2021-03-08,16.5023619342769,17.5
"15403",2021-03-09,16.7766059586806,17.1
"15404",2021-03-10,17.1718693724275,17.5
"15405",2021-03-11,17.5959830519701,17.2
"15406",2021-03-12,18.7576337660263,18.1
"15407",2021-03-13,18.669685416139,18
"15408",2021-03-14,17.475794825213,16.4
"15409",2021-03-15,17.6458661755589,16.1
"15410",2021-03-16,18.0458314000872,16.9
"15411",2021-03-17,18.4673536996716,17.1
"15412",2021-03-18,18.4119945904898,17.2
"15413",2021-03-19,18.0518658385181,17.1
"15414",2021-03-20,18.7535725431742,17
"15415",2021-03-21,19.6335372817082,17.3
"15416",2021-03-22,19.7776382062882,16.9
"15417",2021-03-23,19.7734922629446,16.6
"15418",2021-03-24,19.4164307706933,16.7
"15419",2021-03-25,18.7664305625107,16.8
"15420",2021-03-26,18.2909967907958,16.3
"15421",2021-03-27,17.4865492908581,16
"15422",2021-03-28,16.9042530251665,15.4
"15423",2021-03-29,16.1842331697819,15.4
"15424",2021-03-30,15.7122456100336,15
"15425",2021-03-31,15.8126446184086,15.6
"15426",2021-04-01,16.745218649493,16
"15427",2021-04-02,17.5242723014829,16.5
"15428",2021-04-03,18.5863995265217,16.7
"15429",2021-04-04,19.1274633278771,16.2
"15430",2021-04-05,19.2948329721263,15.9
"15431",2021-04-06,19.3922754329222,15.5
"15432",2021-04-07,19.5570907080752,15.9
"15433",2021-04-08,19.5084127452174,16.4
"15434",2021-04-09,18.4151047244201,16
"15435",2021-04-10,16.8510389001274,14.7
"15436",2021-04-11,15.5135761157409,13.3
"15437",2021-04-12,14.9372830357207,13.1
"15438",2021-04-13,15.0105669872494,12.3
"15439",2021-04-14,14.3066242449133,13.1
"15440",2021-04-15,13.2186044520017,12.3
"15441",2021-04-16,12.9246295373864,12.4
"15442",2021-04-17,13.2460110899804,12
"15443",2021-04-18,13.7876488130643,12.5
"15444",2021-04-19,14.517979457905,12.9
"15445",2021-04-20,13.2845671991022,12.2
"15446",2021-04-21,12.6550052951961,11.1
"15447",2021-04-22,12.597123573334,11.4
"15448",2021-04-23,12.7774563621124,11.7
"15449",2021-04-24,12.6534888368077,11.9
"15450",2021-04-25,12.4435171794487,11.5
"15451",2021-04-26,12.0646566931741,11.8
"15452",2021-04-27,12.5207644839975,12.3
"15453",2021-04-28,12.8073317022836,12.2
"15454",2021-04-29,13.1464136931434,12.2
"15455",2021-04-30,13.631845077705,12
"15456",2021-05-01,14.476525320289,12.3
"15457",2021-05-02,15.2638658255495,13.1
"15458",2021-05-03,15.2981734485483,13
"15459",2021-05-04,15.1951726015834,12.2
"15460",2021-05-05,15.0229042281216,11.7
"15461",2021-05-06,15.1243753031324,11.7
"15462",2021-05-07,15.0748087959195,11.7
"15463",2021-05-08,14.7071637980243,11.5
"15464",2021-05-09,14.0857816042474,11.6
"15465",2021-05-10,13.8057627912221,11.2
"15466",2021-05-11,13.7306390660166,11.2
"15467",2021-05-12,13.6963639989709,11.1
"15468",2021-05-13,12.6809360400725,10.5
"15469",2021-05-14,11.7659364249489,10.1
"15470",2021-05-15,10.5049723159426,9.6
"15471",2021-05-16,10.1273292035193,9.3
"15472",2021-05-17,9.88104099104228,9.7
"15473",2021-05-18,9.89862289275594,9.5
"15474",2021-05-19,10.0094601312063,9.3
"15475",2021-05-20,10.1203084421903,9.6
"15476",2021-05-21,10.3630481579377,9.3
"15477",2021-05-22,11.0733636740854,8.5
"15478",2021-05-23,11.1527547397507,8.3
"15479",2021-05-24,11.9028820583872,8.4
"15480",2021-05-25,12.1832320686419,9.2
"15481",2021-05-26,11.8092203728082,9
"15482",2021-05-27,11.9244060507151,8.9
"15483",2021-05-28,11.5926656532293,9
"15484",2021-05-29,10.8041192094647,8.8
"15485",2021-05-30,9.96055437160013,8.4
"15486",2021-05-31,9.01329890883554,7.5
"15487",2021-06-01,8.62670487712198,7.2
"15488",2021-06-02,9.0951715706914,7.8
"15489",2021-06-03,9.30568746332183,8.4
"15490",2021-06-04,8.82462752854065,8.2
"15491",2021-06-05,9.26571900452538,7.5
"15492",2021-06-06,9.87872299377782,8
"15493",2021-06-07,10.2879379096243,8.3
"15494",2021-06-08,9.98878419255245,8.5
"15495",2021-06-09,9.77359793027952,8.4
"15496",2021-06-10,9.46521205279756,9
"15497",2021-06-11,10.3062774012185,9.2
"15498",2021-06-12,10.5292580298264,9.3
"15499",2021-06-13,10.6261376547206,9.2
"15500",2021-06-14,10.369237714138,9.3
"15501",2021-06-15,10.7917403989828,8.9
"15502",2021-06-16,10.4136997829672,9
"15503",2021-06-17,10.154401616816,8.9
"15504",2021-06-18,10.12543664883,8.9
"15505",2021-06-19,9.93034734389579,9.4
"15506",2021-06-20,9.41431860039792,9.1
"15507",2021-06-21,9.04432268509946,8.1
"15508",2021-06-22,9.0780328355836,7.5
"15509",2021-06-23,9.43649829254245,8
"15510",2021-06-24,9.81498464404324,8.5
"15511",2021-06-25,9.51315416049544,8.8
"15512",2021-06-26,9.4615046562226,8.3
"15513",2021-06-27,9.76288695405779,8.2
"15514",2021-06-28,9.69844807904743,8.4
"15515",2021-06-29,9.46253430538065,7.7
"15516",2021-06-30,9.41035169297654,7.9
"15517",2021-07-01,9.41626020742584,8.6
"15518",2021-07-02,9.26369686580733,8.8
"15519",2021-07-03,8.72201850828826,8.2
"15520",2021-07-04,8.33517812578964,8
"15521",2021-07-05,8.41085727560936,7.3
"15522",2021-07-06,8.10862334482544,7.1
"15523",2021-07-07,7.27246809385917,7.2
"15524",2021-07-08,6.32718018029208,6.2
"15525",2021-07-09,6.15676700309905,5.7
"15526",2021-07-10,6.48677578226735,5.7
"15527",2021-07-11,6.78229574842426,6.2
"15528",2021-07-12,7.16618583187271,6.5
"15529",2021-07-13,7.51393239014086,7
"15530",2021-07-14,8.29529248477703,7.6
"15531",2021-07-15,9.22633910809092,8.3
"15532",2021-07-16,9.50762761921783,8.5
"15533",2021-07-17,9.6788826352317,8.5
"15534",2021-07-18,9.70979507322026,8.2
"15535",2021-07-19,9.60117372915129,8.1
"15536",2021-07-20,9.06810568451128,8.1
"15537",2021-07-21,8.57711835641734,7.5
"15538",2021-07-22,7.9944198452277,7.1
"15539",2021-07-23,7.75276424401371,6.9
"15540",2021-07-24,7.39792001116361,7
"15541",2021-07-25,7.39790375052834,6.7
"15542",2021-07-26,7.59810850379458,6.9
"15543",2021-07-27,8.63400116286353,7.4
"15544",2021-07-28,8.69227057808199,8.2
"15545",2021-07-29,8.92786903584458,7.9
"15546",2021-07-30,9.34384125421457,7.8
"15547",2021-07-31,9.92468807429426,7.8
"15548",2021-08-01,9.72974546792893,8.2
"15549",2021-08-02,9.52966402357273,8.1
"15550",2021-08-03,8.80854452548983,8.3
"15551",2021-08-04,9.27369155201403,8.2
"15552",2021-08-05,9.75217098903199,8.6
"15553",2021-08-06,9.87615816668668,8.9
"15554",2021-08-07,9.66629797202243,9
"15555",2021-08-08,9.9503915874965,9.1
"15556",2021-08-09,10.044244234143,8.8
"15557",2021-08-10,10.7140054812474,9
"15558",2021-08-11,10.568418634473,8.9
"15559",2021-08-12,10.3437431913221,8.7
"15560",2021-08-13,10.0871509367319,8.9
"15561",2021-08-14,10.1839700368991,8.6
"15562",2021-08-15,10.5866029126872,8.7
"15563",2021-08-16,10.6847014607132,9
"15564",2021-08-17,10.1858728114512,9.3
"15565",2021-08-18,10.148716616894,9.4
"15566",2021-08-19,10.1818948218037,9.3
"15567",2021-08-20,10.4665451201444,9.4
"15568",2021-08-21,10.8525539659379,9.6
"15569",2021-08-22,11.2444827969264,9.7
"15570",2021-08-23,10.7997672143546,10.1
"15571",2021-08-24,10.5893429162685,9.4
"15572",2021-08-25,10.310985851963,9
"15573",2021-08-26,9.8903202886148,8.8
"15574",2021-08-27,9.46608146096319,8.7
"15575",2021-08-28,9.34102523585427,8.6
"15576",2021-08-29,8.32423621985917,8.8
"15577",2021-08-30,8.78778006825759,8.7
"15578",2021-08-31,9.57826733188667,9.3
"15579",2021-09-01,10.8829649547248,10.1
"15580",2021-09-02,12.8518073818779,11.2
"15581",2021-09-03,13.5388054609267,12.1
"15582",2021-09-04,13.2271144451237,11
"15583",2021-09-05,13.4919757320211,10.5
"15584",2021-09-06,13.4743265679545,10.4
"15585",2021-09-07,13.0617454361335,10.3
"15586",2021-09-08,12.5184175532706,10.8
"15587",2021-09-09,11.8350240945101,11.3
"15588",2021-09-10,12.1094203853623,11.9
"15589",2021-09-11,12.9903589017825,12.4
"15590",2021-09-12,12.7738237377071,12.3
"15591",2021-09-13,12.4375313619798,11.6
"15592",2021-09-14,12.2030085247846,11
"15593",2021-09-15,11.6557365842689,11.1
"15594",2021-09-16,10.8443781213959,10.5
"15595",2021-09-17,10.8188520128465,10.6
"15596",2021-09-18,9.99193985950761,11.8
"15597",2021-09-19,10.6907150832192,11
"15598",2021-09-20,10.4127396281497,11.2
"15599",2021-09-21,10.5648787824727,10.4
"15600",2021-09-22,11.0897348934394,11.2
"15601",2021-09-23,11.4452229259795,12.1
"15602",2021-09-24,10.9425073350211,12.3
"15603",2021-09-25,10.5364261003122,11.9
"15604",2021-09-26,9.84822166162573,11.5
"15605",2021-09-27,10.5940214930731,11.4
"15606",2021-09-28,11.5310783920984,11.6
"15607",2021-09-29,11.853069765669,12.2
"15608",2021-09-30,12.1306769749968,12.9
"15609",2021-10-01,12.7408755067659,13.4
"15610",2021-10-02,13.7614198810163,13.7
"15611",2021-10-03,14.5220359788411,14.1
"15612",2021-10-04,14.4266124755206,13.9
"15613",2021-10-05,13.627233470309,13.4
"15614",2021-10-06,13.6650287855814,13
"15615",2021-10-07,12.9590658675526,13.4
"15616",2021-10-08,12.812623622372,13
"15617",2021-10-09,13.0117175473188,13.6
"15618",2021-10-10,12.2756004021545,14
"15619",2021-10-11,11.947780194358,13
"15620",2021-10-12,12.4760465864872,12.3
"15621",2021-10-13,11.9959039305527,12.6
"15622",2021-10-14,12.2412879887984,12.8
"15623",2021-10-15,11.9241224484887,12.6
"15624",2021-10-16,11.3181549506704,12.7
"15625",2021-10-17,11.8613503771892,13.1
"15626",2021-10-18,12.415349703981,13.1
"15627",2021-10-19,12.1051084744314,13.2
"15628",2021-10-20,13.0591442972378,14.2
"15629",2021-10-21,14.0625056918593,15.1
"15630",2021-10-22,15.018571145663,15.8
"15631",2021-10-23,14.9748311167198,15.9
"15632",2021-10-24,14.7080245884953,14.3
"15633",2021-10-25,14.3209891286043,13.2
"15634",2021-10-26,14.6521809093742,13.3
"15635",2021-10-27,14.9193423856645,14.2
"15636",2021-10-28,14.9998428250774,15.4
"15637",2021-10-29,13.7097282470635,15.2
"15638",2021-10-30,13.4963862845192,13.7
"15639",2021-10-31,13.9258509507918,13.7
"15640",2021-11-01,15.1023025259661,14.5
"15641",2021-11-02,16.3559398742115,15.6
"15642",2021-11-03,15.8651920906338,16
"15643",2021-11-04,15.3287022703119,15.6
"15644",2021-11-05,16.7888545248768,16.7
"15645",2021-11-06,17.9133739085227,17.5
"15646",2021-11-07,17.8201785085693,17.1
"15647",2021-11-08,17.0544839579798,16.4
"15648",2021-11-09,16.0536614351662,16
"15649",2021-11-10,15.2566965238899,15.6
"15650",2021-11-11,14.8012259247515,14.2
"15651",2021-11-12,13.4308631319666,13.6
"15652",2021-11-13,12.0871922502766,12.2
"15653",2021-11-14,11.6329882733616,12.2
"15654",2021-11-15,11.2792525362412,12.7
"15655",2021-11-16,10.5069443452432,12.3
"15656",2021-11-17,11.2362387704942,13
"15657",2021-11-18,12.2901756408397,13.7
"15658",2021-11-19,12.6609930370639,14.1
"15659",2021-11-20,13.1624597137096,14.2
"15660",2021-11-21,13.7736150340723,14.6
"15661",2021-11-22,15.1929998349704,15.8
"15662",2021-11-23,16.512979295365,16.6
"15663",2021-11-24,17.1520205309481,17.5
"15664",2021-11-25,16.5063893112252,17.1
"15665",2021-11-26,16.6723514931982,15.5
"15666",2021-11-27,17.0212597827421,15.5
"15667",2021-11-28,17.5134218336903,16.3
"15668",2021-11-29,17.8111232741535,16.9
"15669",2021-11-30,18.3308860677157,18
"15670",2021-12-01,18.8075440544926,18.6
"15671",2021-12-02,19.455967782753,19.4
"15672",2021-12-03,19.5024342026988,19.1
"15673",2021-12-04,19.2548054941796,18
"15674",2021-12-05,19.2843499203186,17.6
"15675",2021-12-06,19.0783278839119,17.7
"15676",2021-12-07,17.6062228240551,16.9
"15677",2021-12-08,16.1542158429879,16.3
"15678",2021-12-09,15.3672112684108,15.2
"15679",2021-12-10,15.2905759765989,15
"15680",2021-12-11,15.7278123894995,15.7
"15681",2021-12-12,16.2833494161335,16.9
"15682",2021-12-13,16.7057968619765,17.7
"15683",2021-12-14,17.8101367981185,18.5
"15684",2021-12-15,18.0229029674884,17.7
"15685",2021-12-16,18.2340504776314,17.7
"15686",2021-12-17,19.4306302319528,18.4
"15687",2021-12-18,20.0920276971681,19
"15688",2021-12-19,19.3823742707888,18.7
"15689",2021-12-20,19.0911358523132,18.8
"15690",2021-12-21,19.1088068336607,19.6
"15691",2021-12-22,19.3059664062168,19.3
"15692",2021-12-23,19.4697080673342,19.2
"15693",2021-12-24,19.2178082162212,19.6
"15694",2021-12-25,18.6253115668469,19.3
"15695",2021-12-26,18.5496731689289,18.4
"15696",2021-12-27,18.1341744291939,17.7
"15697",2021-12-28,17.8440866258507,18.3
"15698",2021-12-29,18.3662317067146,19.7
"15699",2021-12-30,19.4349576233487,21.2
"15700",2021-12-31,20.22325623309,23.2
"15701",2022-01-01,21.224794197568,23.6
"15702",2022-01-02,21.7857019177689,22.9
"15703",2022-01-03,21.8709583099853,22.1
"15704",2022-01-04,22.0366122535428,20.7
"15705",2022-01-05,22.161060322528,21.4
"15706",2022-01-06,21.8967340952023,22.2
"15707",2022-01-07,21.1895932920983,21.9
"15708",2022-01-08,20.2465833951757,21.1
"15709",2022-01-09,20.2059484289845,21.4
"15710",2022-01-10,20.9122114193515,22.1
"15711",2022-01-11,21.1097148646858,22.6
"15712",2022-01-12,21.3308575229344,23.1
"15713",2022-01-13,21.5822335426858,24
"15714",2022-01-14,21.8023955016393,24.4
"15715",2022-01-15,21.9965596368185,23.9
"15716",2022-01-16,22.3449985543066,23.8
"15717",2022-01-17,22.0197386717574,23.6
"15718",2022-01-18,21.6357756303459,21.7
"15719",2022-01-19,21.3336343392507,21
"15720",2022-01-20,21.1694470876972,20.4
"15721",2022-01-21,21.2262748136438,20.8
"15722",2022-01-22,21.5841709610613,21.1
"15723",2022-01-23,21.5186768244667,21.8
"15724",2022-01-24,22.0377871689797,21.8
"15725",2022-01-25,22.5839912250199,22.1
"15726",2022-01-26,22.8467140865,22
"15727",2022-01-27,22.9417228143906,23.1
"15728",2022-01-28,22.8620940206069,24.8
"15729",2022-01-29,22.6529079571479,21.3
"15730",2022-01-30,22.5372587814401,20.6
"15731",2022-01-31,22.5033040896678,22.2
"15732",2022-02-01,21.9714899320907,22.1
"15733",2022-02-02,20.9974137533491,19.9
"15734",2022-02-03,19.9254902626981,18.4
"15735",2022-02-04,19.5196094868889,18.9
"15736",2022-02-05,19.5059868447913,19.3
"15737",2022-02-06,19.2340805062222,19.8
"15738",2022-02-07,18.6630332217619,20.3
"15739",2022-02-08,19.18564167474,20.7
"15740",2022-02-09,19.9187815104232,20.4
"15741",2022-02-10,20.2386343728765,20.2
"15742",2022-02-11,20.111677596246,19.5
"15743",2022-02-12,20.3533809424614,19.9
"15744",2022-02-13,20.7243951718575,20.7
"15745",2022-02-14,20.9123056643268,21.9
"15746",2022-02-15,20.7724399873576,21.9
"15747",2022-02-16,20.9609119046749,21.6
"15748",2022-02-17,21.0507640315295,21.4
"15749",2022-02-18,21.0025935400543,19.9
"15750",2022-02-19,20.6703862309837,19.9
"15751",2022-02-20,20.1035205683438,19.3
"15752",2022-02-21,19.2730107855312,19.1
"15753",2022-02-22,19.2032981451224,18.5
"15754",2022-02-23,19.4245269404412,19.3
"15755",2022-02-24,19.5414547527038,20.8
"15756",2022-02-25,19.8981806297703,20.1
"15757",2022-02-26,20.2038797863827,21
"15758",2022-02-27,20.4456047263478,21.2
"15759",2022-02-28,20.9794264845842,20.9
"15760",2022-03-01,21.0183028798794,20.5
"15761",2022-03-02,20.7964207990829,21
"15762",2022-03-03,21.2066950372879,21.3
"15763",2022-03-04,21.4942530560598,21.2
"15764",2022-03-05,21.2184425760534,20.7
"15765",2022-03-06,20.8343434753718,18.8
"15766",2022-03-07,20.6340477223093,18.4
"15767",2022-03-08,20.1951613235192,18.2
"15768",2022-03-09,19.3979544817493,17.7
"15769",2022-03-10,18.2656536109639,17.3
"15770",2022-03-11,17.240802805725,17.3
"15771",2022-03-12,17.3751337735408,17.5
"15772",2022-03-13,17.9712838262432,18.5
"15773",2022-03-14,18.392428812729,19.2
"15774",2022-03-15,18.7680418325507,18.9
"15775",2022-03-16,19.0727786266647,18.3
"15776",2022-03-17,19.7302243295463,18.1
"15777",2022-03-18,19.8881608162074,18.2
"15778",2022-03-19,20.1526232547764,18.6
"15779",2022-03-20,20.0446136251008,18.7
"15780",2022-03-21,19.9841485545994,19
"15781",2022-03-22,19.8075002704966,18.8
"15782",2022-03-23,19.4409782238905,18
"15783",2022-03-24,18.8389419886686,17.4
"15784",2022-03-25,18.715340849206,17.1
"15785",2022-03-26,18.360388672835,17.2
"15786",2022-03-27,18.3452796007705,17.3
"15787",2022-03-28,17.9458202385933,17.3
"15788",2022-03-29,17.7942082523074,17.4
"15789",2022-03-30,17.8634169206476,17.1
"15790",2022-03-31,17.7523205858281,16.3
"15791",2022-04-01,17.6242329096783,15.2
"15792",2022-04-02,17.0945525114121,15
"15793",2022-04-03,16.3924623212282,15.3
"15794",2022-04-04,15.712634093976,15.3
"15795",2022-04-05,15.6618799999107,15.1
"15796",2022-04-06,15.8091020916005,15.2
"15797",2022-04-07,16.1757957628132,15.3
"15798",2022-04-08,16.7388876166576,15.5
"15799",2022-04-09,17.2011137765261,15.8
"15800",2022-04-10,17.7347851858741,16.2
"15801",2022-04-11,17.5904674445136,15.8
"15802",2022-04-12,17.163052781277,14.8
"15803",2022-04-13,16.9562045463933,14.5
"15804",2022-04-14,16.9770037497294,14.6
"15805",2022-04-15,16.9602514962456,15.2
"15806",2022-04-16,17.0166589360739,15.1
"15807",2022-04-17,17.1363576871575,15.2
"15808",2022-04-18,17.3442415817346,15.7
"15809",2022-04-19,17.1168955268602,14.5
"15810",2022-04-20,16.9413173797234,14.2
"15811",2022-04-21,16.1290967071272,13.9
"15812",2022-04-22,15.0992873596988,13.3
"15813",2022-04-23,14.286935608136,13.1
"15814",2022-04-24,13.1349110421147,13.4
"15815",2022-04-25,13.3197520987905,13.3
"15816",2022-04-26,14.2563878675725,13.3
"15817",2022-04-27,14.8011294190735,13.6
"15818",2022-04-28,15.511155003353,14.2
"15819",2022-04-29,16.1270476941516,14.5
"15820",2022-04-30,15.9682713058376,14
"15821",2022-05-01,16.1695057135191,13.5
"15822",2022-05-02,15.9546255842902,13.3
"15823",2022-05-03,15.4218409051127,13.1
"15824",2022-05-04,14.3179576759264,12.8
"15825",2022-05-05,12.8624828329362,12.2
"15826",2022-05-06,11.7988313423927,11.5
"15827",2022-05-07,11.6492071799727,11.5
"15828",2022-05-08,11.1359481322573,11.2
"15829",2022-05-09,10.4746431667539,11
"15830",2022-05-10,10.6018448622717,10.8
"15831",2022-05-11,11.5934321236941,11
"15832",2022-05-12,12.9755572629224,11.5
"15833",2022-05-13,14.1440779090476,12.1
"15834",2022-05-14,14.6933916524932,12.6
"15835",2022-05-15,15.2194343579033,12.4
"15836",2022-05-16,15.164354870392,12.3
"15837",2022-05-17,14.6007417413772,11.3
"15838",2022-05-18,13.5881510728362,10.9
"15839",2022-05-19,12.7639793022698,10.5
"15840",2022-05-20,11.6234576673607,10.5
"15841",2022-05-21,10.9162812061256,9.6
"15842",2022-05-22,10.0752081934985,9.6
"15843",2022-05-23,10.5224477825525,9.5
"15844",2022-05-24,10.7442769005361,9.3
"15845",2022-05-25,11.4154626910746,9.3
"15846",2022-05-26,11.7451683335848,10
"15847",2022-05-27,11.9144361330624,10.3
"15848",2022-05-28,11.5626521231189,9.8
"15849",2022-05-29,11.3543509007161,9.4
"15850",2022-05-30,10.4981395942428,9
"15851",2022-05-31,9.4645387360841,8.5
"15852",2022-06-01,8.43153274913618,8
"15853",2022-06-02,7.5806192799393,7.6
"15854",2022-06-03,7.21447330078906,7
"15855",2022-06-04,7.51292436955289,7.3
"15856",2022-06-05,7.44296101104728,7.7
"15857",2022-06-06,7.48337598216599,7.8
"15858",2022-06-07,7.74432988932922,7.4
"15859",2022-06-08,8.08880708371239,7.4
"15860",2022-06-09,8.50671512417516,7.6
"15861",2022-06-10,8.65277104587684,8
"15862",2022-06-11,8.62772973311385,8
"15863",2022-06-12,8.91568864594857,8.2
"15864",2022-06-13,9.14990770444402,8.4
"15865",2022-06-14,9.37558579369678,8.3
"15866",2022-06-15,9.64665937500322,8.1
"15867",2022-06-16,9.9053659762681,8.4
"15868",2022-06-17,9.88911748684865,8.8
"15869",2022-06-18,9.80867823035562,8.9
"15870",2022-06-19,9.85042986325176,8.5
"15871",2022-06-20,10.3491963040929,8.3
"15872",2022-06-21,10.4093012572026,8.6
"15873",2022-06-22,10.5675405514794,8.7
"15874",2022-06-23,10.6669519321964,9
"15875",2022-06-24,10.9170900170077,9.3
"15876",2022-06-25,11.1059998949702,9.1
"15877",2022-06-26,10.7725183243584,9
"15878",2022-06-27,9.83666775997653,8.5
"15879",2022-06-28,9.46802643840049,8.3
"15880",2022-06-29,8.73297109515001,7.8
"15881",2022-06-30,8.20596365383981,7.5
"15882",2022-07-01,7.90934528471018,NA
"15883",2022-07-02,7.37871572957322,NA
"15884",2022-07-03,7.31068499283373,NA
"15885",2022-07-04,7.83596588692776,NA
"15886",2022-07-05,7.8842118307955,NA
"15887",2022-07-06,8.06878845503449,NA
"15888",2022-07-07,8.17657788579245,NA
"15889",2022-07-08,8.08924806764592,NA
"15890",2022-07-09,8.14583265503668,NA
"15891",2022-07-10,8.25743818835212,NA
"15892",2022-07-11,8.03518150349152,NA
"15893",2022-07-12,8.02043776207483,NA
"15894",2022-07-13,7.88234607082729,NA
"15895",2022-07-14,7.51330752063664,NA
"15896",2022-07-15,7.58529307127708,NA
"15897",2022-07-16,7.85494989246918,NA
"15898",2022-07-17,7.76164098642679,NA
"15899",2022-07-18,7.40102041971925,NA
"15900",2022-07-19,6.97523761832992,NA
"15901",2022-07-20,6.79769499616371,NA
"15902",2022-07-21,7.17172753912266,NA
"15903",2022-07-22,7.6228424216672,NA
"15904",2022-07-23,7.85181663696315,NA
"15905",2022-07-24,8.47888777910882,NA
"15906",2022-07-25,9.10589737931288,NA
"15907",2022-07-26,9.85726445888703,NA
"15908",2022-07-27,10.5927444333001,NA
"15909",2022-07-28,10.2841696992931,NA
"15910",2022-07-29,9.30489120687116,NA
"15911",2022-07-30,8.82540440076442,NA
"15912",2022-07-31,8.41923838767658,NA
"15913",2022-08-01,8.3476534506445,NA
"15914",2022-08-02,8.7325821363865,NA
"15915",2022-08-03,9.2673740187611,NA
"15916",2022-08-04,9.9807713561498,NA
"15917",2022-08-05,10.5700069932699,NA
"15918",2022-08-06,10.6766182781436,NA
"15919",2022-08-07,10.5983339890002,NA
"15920",2022-08-08,10.2161588815324,NA
"15921",2022-08-09,9.46759487092495,NA
"15922",2022-08-10,8.80018441817916,NA
"15923",2022-08-11,8.51348805425527,NA
"15924",2022-08-12,8.75351812146076,NA
"15925",2022-08-13,8.92414603755443,NA
"15926",2022-08-14,9.28089232862498,NA
"15927",2022-08-15,9.81809142155639,NA
"15928",2022-08-16,10.1821134753263,NA
"15929",2022-08-17,10.3707891978021,NA
"15930",2022-08-18,10.2906161375082,NA
"15931",2022-08-19,10.3751031422787,NA
"15932",2022-08-20,9.94250572813483,NA
"15933",2022-08-21,9.69136756787173,NA
"15934",2022-08-22,9.45932471297899,NA
"15935",2022-08-23,9.17463532290969,NA
"15936",2022-08-24,9.03161497545527,NA
"15937",2022-08-25,9.18198673951322,NA
"15938",2022-08-26,9.08988394495426,NA
"15939",2022-08-27,9.9192820751378,NA
"15940",2022-08-28,10.7568006898227,NA
"15941",2022-08-29,11.0699900525429,NA
"15942",2022-08-30,11.1888051171618,NA
"15943",2022-08-31,10.9544727911989,NA
"15944",2022-09-01,10.8028004359738,NA
"15945",2022-09-02,10.3878115672583,NA
"15946",2022-09-03,9.89761129531469,NA
"15947",2022-09-04,8.98365403695266,NA
"15948",2022-09-05,8.71187961846005,NA
"15949",2022-09-06,9.14655009969771,NA
"15950",2022-09-07,10.0181450427497,NA
"15951",2022-09-08,10.4858115321288,NA
"15952",2022-09-09,11.27628670521,NA
"15953",2022-09-10,11.3891674636193,NA
"15954",2022-09-11,11.6753218279122,NA
"15955",2022-09-12,11.4229078759279,NA
"15956",2022-09-13,10.7647068323936,NA
"15957",2022-09-14,10.4069175626925,NA
"15958",2022-09-15,10.1561732649477,NA
"15959",2022-09-16,9.69849443579429,NA
"15960",2022-09-17,9.72065532161104,NA
"15961",2022-09-18,9.60630248257515,NA
"15962",2022-09-19,9.99264914773379,NA
"15963",2022-09-20,11.1253414675919,NA
"15964",2022-09-21,11.5669252582016,NA
"15965",2022-09-22,12.3322548464656,NA
"15966",2022-09-23,12.6154659835396,NA
"15967",2022-09-24,12.3047142266764,NA
"15968",2022-09-25,12.7573296739742,NA
"15969",2022-09-26,12.8793066657024,NA
"15970",2022-09-27,12.6983637628976,NA
"15971",2022-09-28,12.1624558179005,NA
"15972",2022-09-29,11.4743722357512,NA
"15973",2022-09-30,11.6159693627583,NA
"15974",2022-10-01,12.3380246442915,NA
"15975",2022-10-02,12.2896673541316,NA
"15976",2022-10-03,12.9343302397098,NA
"15977",2022-10-04,12.9457539987251,NA
"15978",2022-10-05,13.1083744788488,NA
"15979",2022-10-06,13.7063201977407,NA
"15980",2022-10-07,13.7120709182484,NA
"15981",2022-10-08,13.2166541839544,NA
"15982",2022-10-09,12.6203975865685,NA
"15983",2022-10-10,12.2260715277377,NA
"15984",2022-10-11,12.7166462375084,NA
"15985",2022-10-12,13.1306292077053,NA
"15986",2022-10-13,12.5395546854246,NA
"15987",2022-10-14,12.4148129195281,NA
"15988",2022-10-15,12.9470671750707,NA
"15989",2022-10-16,13.3011990850034,NA
"15990",2022-10-17,13.0867043653269,NA
"15991",2022-10-18,12.720870555333,NA
"15992",2022-10-19,12.9265326268328,NA
"15993",2022-10-20,14.0659722518268,NA
"15994",2022-10-21,15.1954529709148,NA
"15995",2022-10-22,15.7041495959511,NA
"15996",2022-10-23,16.4290490099313,NA
"15997",2022-10-24,17.1470820270804,NA
"15998",2022-10-25,17.7203101518704,NA
"15999",2022-10-26,17.6967184846794,NA
"16000",2022-10-27,16.880600595179,NA
"16001",2022-10-28,15.7213524154136,NA
"16002",2022-10-29,15.1195332342616,NA
"16003",2022-10-30,15.3142285288682,NA
"16004",2022-10-31,14.6524665091947,NA
"16005",2022-11-01,13.1179062994326,NA
"16006",2022-11-02,12.3224925229883,NA
"16007",2022-11-03,12.1071915265164,NA
"16008",2022-11-04,12.6065561477664,NA
"16009",2022-11-05,13.3397274438456,NA
"16010",2022-11-06,13.5688080638439,NA
"16011",2022-11-07,14.7462128721461,NA
"16012",2022-11-08,16.5539608233479,NA
"16013",2022-11-09,18.0077100788751,NA
"16014",2022-11-10,18.9160465487378,NA
"16015",2022-11-11,19.1862853162687,NA
"16016",2022-11-12,19.239943146978,NA
"16017",2022-11-13,19.1018665726996,NA
"16018",2022-11-14,18.1628574638218,NA
"16019",2022-11-15,16.5184912901038,NA
"16020",2022-11-16,14.7949150219978,NA
"16021",2022-11-17,13.6479618861655,NA
"16022",2022-11-18,13.8586134420452,NA
"16023",2022-11-19,13.501411895893,NA
"16024",2022-11-20,12.5401658685656,NA
"16025",2022-11-21,12.1244558478647,NA
"16026",2022-11-22,13.0249153012454,NA
"16027",2022-11-23,13.6584212747639,NA
"16028",2022-11-24,14.1858984788093,NA
"16029",2022-11-25,13.953235668695,NA
"16030",2022-11-26,14.6062848063331,NA
"16031",2022-11-27,15.0024657189823,NA
"16032",2022-11-28,15.8099403314183,NA
"16033",2022-11-29,15.9339229703321,NA
"16034",2022-11-30,16.1503258268891,NA
"16035",2022-12-01,16.1078740427193,NA
"16036",2022-12-02,16.6986440612491,NA
"16037",2022-12-03,17.3168130619193,NA
"16038",2022-12-04,18.6985677826565,NA
"16039",2022-12-05,18.6880802035797,NA
"16040",2022-12-06,18.9482920234159,NA
"16041",2022-12-07,18.7343320425414,NA
"16042",2022-12-08,18.3621062355855,NA
"16043",2022-12-09,17.3634266498497,NA
"16044",2022-12-10,16.8033907365303,NA
"16045",2022-12-11,15.7057344925575,NA
"16046",2022-12-12,15.4478698420241,NA
"16047",2022-12-13,14.6511382121135,NA
"16048",2022-12-14,14.3052913826863,NA
"16049",2022-12-15,14.4812461928441,NA
"16050",2022-12-16,14.7060510575963,NA
"16051",2022-12-17,14.1892389720758,NA
"16052",2022-12-18,14.2594642512833,NA
"16053",2022-12-19,15.1588154156619,NA
"16054",2022-12-20,16.4716566347194,NA
"16055",2022-12-21,17.787383830631,NA
"16056",2022-12-22,18.7177808066922,NA
"16057",2022-12-23,19.4272513300289,NA
"16058",2022-12-24,19.8616648198644,NA
"16059",2022-12-25,20.6592929881813,NA
"16060",2022-12-26,21.3025956039915,NA
"16061",2022-12-27,22.0260250174205,NA
"16062",2022-12-28,21.6664756200308,NA
"16063",2022-12-29,21.3714951953863,NA
"16064",2022-12-30,21.5563126806422,NA
"16065",2022-12-31,21.8540721370178,NA
